sample,model,n_parameters,pmid,e.cum,delta_e.cum,ct,dt,air.temp,wind.2m,rain.rate,prediction_ecum,prediction_delta_ecum,running_time
0,1,569450,195,3.6763829787234,3.6763829787234,2.0,2.0,11.82,7.47,0.0,5.4057093,5.4057093,89.27298114697139
0,1,569450,195,7.35276595744681,3.6763829787234,4.0,2.0,11.82,7.47,0.0,10.731754,5.3260455,89.27298114697139
0,1,569450,195,8.90016042780749,1.54739447036068,6.0,2.0,11.6017112299465,7.41994652406417,0.0,13.07164,2.3398852,89.27298114697139
0,1,569450,195,9.30117647058823,0.401016042780748,8.0,2.0,11.2658823529412,7.34294117647059,0.0,13.704937,0.6332971,89.27298114697139
0,1,569450,195,9.70219251336898,0.40101604278075,10.0,2.0,10.9300534759358,7.26593582887701,0.0,14.169737,0.46479958,89.27298114697139
0,1,569450,195,10.1032085561497,0.401016042780748,12.0,2.0,10.5942245989305,7.18893048128342,0.0,14.634537,0.46479958,89.27298114697139
0,1,569450,195,10.5042245989305,0.401016042780748,14.0,2.0,10.2583957219251,7.11192513368984,0.0,15.099336,0.46479958,89.27298114697139
0,1,569450,195,10.9052406417112,0.40101604278075,16.0,2.0,9.92256684491979,7.03491978609626,0.0,15.564136,0.46479958,89.27298114697139
0,1,569450,195,11.306256684492,0.401016042780748,18.0,2.0,9.58673796791444,6.95791443850267,0.0,16.028934,0.46479958,89.27298114697139
0,1,569450,195,11.7072727272727,0.401016042780748,20.0,2.0,9.25090909090909,6.88090909090909,0.0,16.493734,0.46479958,89.27298114697139
0,1,569450,195,12.1082887700535,0.401016042780748,22.0,2.0,8.91508021390374,6.80390374331551,0.0,16.958534,0.46479958,89.27298114697139
0,1,569450,195,12.4462285714286,0.337939801375096,24.0,2.0,8.74542857142857,6.726,0.0,17.423334,0.46479958,89.27298114697139
0,1,569450,195,12.6369904761905,0.190761904761905,26.0,2.0,8.96352380952381,6.646,0.0,17.888134,0.46479958,89.27298114697139
0,1,569450,195,12.8277523809524,0.190761904761905,28.0,2.0,9.18161904761905,6.566,0.0,18.352932,0.46479958,89.27298114697139
0,1,569450,195,13.0185142857143,0.190761904761905,30.0,2.0,9.39971428571429,6.486,0.0,18.817732,0.46479958,89.27298114697139
0,1,569450,195,13.2092761904762,0.190761904761905,32.0,2.0,9.61780952380952,6.406,0.0,19.260654,0.442922,89.27298114697139
0,1,569450,195,13.4000380952381,0.190761904761905,34.0,2.0,9.83590476190476,6.326,0.0,19.668127,0.4074734,89.27298114697139
0,1,569450,195,13.5908,0.190761904761905,36.0,2.0,10.054,6.246,0.0,20.050547,0.382419,89.27298114697139
0,1,569450,195,13.7815619047619,0.190761904761905,38.0,2.0,10.2720952380952,6.166,0.0,20.412363,0.36181527,89.27298114697139
0,1,569450,195,13.9723238095238,0.190761904761905,40.0,2.0,10.4901904761905,6.086,0.0,20.759117,0.34675476,89.27298114697139
0,1,569450,195,14.1630857142857,0.190761904761905,42.0,2.0,10.7082857142857,6.006,0.0,21.092403,0.33328608,89.27298114697139
0,1,569450,195,14.3538476190476,0.190761904761905,44.0,2.0,10.926380952381,5.926,0.0,21.409636,0.31723168,89.27298114697139
0,1,569450,195,14.4392079207921,0.0853603017444602,46.0,2.0,11.0178415841584,5.89764356435644,0.0028859881188118,21.709248,0.29961252,89.27298114697139
0,1,569450,195,14.4982178217822,0.0590099009900982,48.0,2.0,11.0776435643564,5.88219801980198,0.0064934732673267,21.989956,0.28070778,89.27298114697139
0,1,569450,195,14.5572277227723,0.0590099009901,50.0,2.0,11.1374455445545,5.86675247524752,0.0101009584158416,22.253502,0.2635467,89.27298114697139
0,1,569450,195,14.6162376237624,0.0590099009900982,52.0,2.0,11.1972475247525,5.85130693069307,0.0137084435643564,22.50168,0.24817857,89.27298114697139
0,1,569450,195,14.6752475247525,0.0590099009901,54.0,2.0,11.2570495049505,5.83586138613861,0.0173159287128713,22.737114,0.23543303,89.27298114697139
0,1,569450,195,14.7342574257426,0.0590099009900982,56.0,2.0,11.3168514851485,5.82041584158416,0.0209234138613861,22.963144,0.22603127,89.27298114697139
0,1,569450,195,14.7932673267327,0.0590099009901,58.0,2.0,11.3766534653465,5.8049702970297,0.024530899009901,23.180086,0.21694148,89.27298114697139
0,1,569450,195,14.8522772277228,0.0590099009900982,60.0,2.0,11.4364554455446,5.78952475247525,0.0281383841584158,23.388422,0.20833689,89.27298114697139
0,1,569450,195,14.9112871287129,0.0590099009901,62.0,2.0,11.4962574257426,5.77407920792079,0.0317458693069307,23.588821,0.2003985,89.27298114697139
0,1,569450,195,14.970297029703,0.0590099009900982,64.0,2.0,11.5560594059406,5.75863366336634,0.0353533544554455,23.781982,0.19316033,89.27298114697139
0,1,569450,195,15.0293069306931,0.0590099009901,66.0,2.0,11.6158613861386,5.74318811881188,0.0389608396039604,23.96811,0.186127,89.27298114697139
0,1,569450,195,15.0883168316832,0.0590099009900982,68.0,2.0,11.6756633663366,5.72774257425743,0.0425683247524752,24.14721,0.17910108,89.27298114697139
0,1,569450,195,15.1473267326733,0.0590099009901,70.0,2.0,11.7354653465347,5.71229702970297,0.0461758099009901,24.319244,0.1720351,89.27298114697139
0,1,569450,195,15.2063366336634,0.0590099009900982,72.0,2.0,11.7952673267327,5.69685148514851,0.0497832950495049,24.484745,0.16549951,89.27298114697139
0,1,569450,195,15.2653465346535,0.0590099009901,74.0,2.0,11.8550693069307,5.68140594059406,0.0533907801980198,24.6434,0.15865499,89.27298114697139
0,1,569450,195,15.3243564356436,0.0590099009900982,76.0,2.0,11.9148712871287,5.6659603960396,0.0569982653465346,24.795284,0.15188456,89.27298114697139
0,1,569450,195,15.3833663366337,0.0590099009901,78.0,2.0,11.9746732673267,5.65051485148515,0.0606057504950495,24.940777,0.14549199,89.27298114697139
0,1,569450,195,15.4423762376238,0.0590099009900982,80.0,2.0,12.0344752475248,5.63506930693069,0.0642132356435644,25.07983,0.13905406,89.27298114697139
0,1,569450,195,15.5013861386139,0.0590099009900982,82.0,2.0,12.0942772277228,5.61962376237624,0.0678207207920792,25.212582,0.13275188,89.27298114697139
0,1,569450,195,15.560396039604,0.0590099009901,84.0,2.0,12.1540792079208,5.60417821782178,0.0714282059405941,25.338945,0.12636435,89.27298114697139
0,1,569450,195,15.6194059405941,0.0590099009901,86.0,2.0,12.2138811881188,5.58873267326733,0.0750356910891089,25.459099,0.12015167,89.27298114697139
0,1,569450,195,15.6784158415842,0.0590099009900982,88.0,2.0,12.2736831683168,5.57328712871287,0.0786431762376237,25.573803,0.11470452,89.27298114697139
0,1,569450,195,15.7374257425743,0.0590099009900982,90.0,2.0,12.3334851485149,5.55784158415842,0.0822506613861386,25.68345,0.10964772,89.27298114697139
0,1,569450,195,15.7964356435644,0.0590099009901,92.0,2.0,12.3932871287129,5.54239603960396,0.0858581465346535,25.78811,0.10466063,89.27298114697139
0,1,569450,195,15.8554455445545,0.0590099009900982,94.0,2.0,12.4530891089109,5.5269504950495,0.0894656316831683,25.888365,0.100254774,89.27298114697139
0,1,569450,195,15.92435,0.0689044554455442,96.0,2.0,12.4888970588235,5.52630882352941,0.0902815838235294,25.984022,0.095656514,89.27298114697139
0,1,569450,195,16.00135,0.077,98.0,2.0,12.5050735294118,5.53777941176471,0.0888135544117647,26.074905,0.09088257,89.27298114697139
0,1,569450,195,16.07835,0.0770000000000017,100.0,2.0,12.52125,5.54925,0.087345525,26.160528,0.085623294,89.27298114697139
0,1,569450,195,16.15535,0.0769999999999982,102.0,2.0,12.5374264705882,5.56072058823529,0.0858774955882353,26.240938,0.08041039,89.27298114697139
0,1,569450,195,16.23235,0.0770000000000017,104.0,2.0,12.5536029411765,5.57219117647059,0.0844094661764706,26.316904,0.075966656,89.27298114697139
0,1,569450,195,16.30935,0.0769999999999982,106.0,2.0,12.5697794117647,5.58366176470588,0.0829414367647059,26.389223,0.07231793,89.27298114697139
0,1,569450,195,16.38635,0.0770000000000017,108.0,2.0,12.5859558823529,5.59513235294118,0.0814734073529412,26.458223,0.0690012,89.27298114697139
0,1,569450,195,16.46335,0.0769999999999982,110.0,2.0,12.6021323529412,5.60660294117647,0.0800053779411765,26.5242,0.06597629,89.27298114697139
0,1,569450,195,16.54035,0.0770000000000017,112.0,2.0,12.6183088235294,5.61807352941176,0.0785373485294118,26.587526,0.06332523,89.27298114697139
0,1,569450,195,16.61735,0.0769999999999982,114.0,2.0,12.6344852941176,5.62954411764706,0.0770693191176471,26.648523,0.060997665,89.27298114697139
0,1,569450,195,16.69435,0.0770000000000017,116.0,2.0,12.6506617647059,5.64101470588235,0.0756012897058824,26.707201,0.05867678,89.27298114697139
0,1,569450,195,16.77135,0.0769999999999982,118.0,2.0,12.6668382352941,5.65248529411765,0.0741332602941177,26.763254,0.05605346,89.27298114697139
0,1,569450,195,16.84835,0.0770000000000017,120.0,2.0,12.6830147058824,5.66395588235294,0.072665230882353,26.816288,0.053033978,89.27298114697139
0,1,569450,195,16.92535,0.0769999999999982,122.0,2.0,12.6991911764706,5.67542647058823,0.0711972014705882,26.866758,0.05047056,89.27298114697139
0,1,569450,195,17.00235,0.0770000000000017,124.0,2.0,12.7153676470588,5.68689705882353,0.0697291720588235,26.9152,0.048441023,89.27298114697139
0,1,569450,195,17.07935,0.0769999999999982,126.0,2.0,12.7315441176471,5.69836764705882,0.0682611426470588,26.962852,0.047653288,89.27298114697139
0,1,569450,195,17.15635,0.0770000000000017,128.0,2.0,12.7477205882353,5.70983823529412,0.0667931132352941,27.011818,0.04896626,89.27298114697139
0,1,569450,195,17.23335,0.0770000000000017,130.0,2.0,12.7638970588235,5.72130882352941,0.0653250838235294,27.064028,0.052208662,89.27298114697139
0,1,569450,195,17.31035,0.0769999999999982,132.0,2.0,12.7800735294118,5.73277941176471,0.0638570544117647,27.118664,0.05463624,89.27298114697139
0,1,569450,195,17.38735,0.0769999999999982,134.0,2.0,12.79625,5.74425,0.062389025,27.16957,0.050907254,89.27298114697139
0,1,569450,195,17.46435,0.0770000000000017,136.0,2.0,12.8124264705882,5.75572058823529,0.0609209955882353,27.21439,0.04481846,89.27298114697139
0,1,569450,195,17.54135,0.0770000000000017,138.0,2.0,12.8286029411765,5.76719117647059,0.0594529661764706,27.252718,0.03832954,89.27298114697139
0,1,569450,195,17.61835,0.0769999999999982,140.0,2.0,12.8447794117647,5.77866176470588,0.0579849367647059,27.288525,0.035806358,89.27298114697139
0,1,569450,195,17.69535,0.0769999999999982,142.0,2.0,12.8609558823529,5.79013235294118,0.0565169073529412,27.331474,0.04294914,89.27298114697139
0,1,569450,195,17.77235,0.0770000000000017,144.0,2.0,12.8771323529412,5.80160294117647,0.0550488779411765,27.383396,0.05192122,89.27298114697139
0,1,569450,195,17.84935,0.0770000000000017,146.0,2.0,12.8933088235294,5.81307352941176,0.0535808485294118,27.43787,0.05447489,89.27298114697139
0,1,569450,195,17.92635,0.0769999999999982,148.0,2.0,12.9094852941176,5.82454411764706,0.0521128191176471,27.476759,0.03888935,89.27298114697139
0,1,569450,195,18.00335,0.0770000000000017,150.0,2.0,12.9256617647059,5.83601470588235,0.0506447897058824,27.525074,0.048313618,89.27298114697139
0,1,569450,195,18.08035,0.0769999999999982,152.0,2.0,12.9418382352941,5.84748529411765,0.0491767602941176,27.560202,0.035128474,89.27298114697139
0,1,569450,195,18.15735,0.0770000000000017,154.0,2.0,12.9580147058824,5.85895588235294,0.0477087308823529,27.61391,0.053707987,89.27298114697139
0,1,569450,195,18.23435,0.0769999999999982,156.0,2.0,12.9741911764706,5.87042647058824,0.0462407014705882,27.657522,0.04361245,89.27298114697139
0,1,569450,195,18.31135,0.0770000000000017,158.0,2.0,12.9903676470588,5.88189705882353,0.0447726720588235,27.70772,0.050197035,89.27298114697139
0,1,569450,195,18.38835,0.0769999999999982,160.0,2.0,13.0065441176471,5.89336764705882,0.0433046426470588,27.768208,0.06048745,89.27298114697139
0,1,569450,195,18.46535,0.0770000000000017,162.0,2.0,13.0227205882353,5.90483823529412,0.0418366132352941,27.834698,0.066490024,89.27298114697139
0,1,569450,195,18.5,0.0346499999999992,164.0,2.0,13.03,5.91,0.041176,27.851063,0.01636532,89.27298114697139
0,1,569450,196,0.830222222222222,0.830222222222222,2.0,2.0,11.82,7.47,0.0,2.8859844,2.8859844,89.27298114697139
0,1,569450,196,1.66044444444444,0.830222222222222,4.0,2.0,11.82,7.47,0.0,4.916314,2.0303295,89.27298114697139
0,1,569450,196,1.90744562334218,0.247001178897731,6.0,2.0,11.5701326259947,7.41270557029178,0.0,6.5545635,1.6382496,89.27298114697139
0,1,569450,196,1.96003978779841,0.0525941644562333,8.0,2.0,11.236976127321,7.33631299734748,0.0,7.019363,0.46479958,89.27298114697139
0,1,569450,196,2.01263395225464,0.0525941644562333,10.0,2.0,10.9038196286472,7.25992042440318,0.0,7.47468,0.4553167,89.27298114697139
0,1,569450,196,2.06522811671088,0.0525941644562335,12.0,2.0,10.5706631299735,7.18352785145889,0.0,7.850482,0.37580234,89.27298114697139
0,1,569450,196,2.11782228116711,0.0525941644562335,14.0,2.0,10.2375066312997,7.10713527851459,0.0,8.223194,0.3727122,89.27298114697139
0,1,569450,196,2.17041644562334,0.0525941644562331,16.0,2.0,9.90435013262599,7.03074270557029,0.0,8.60398,0.3807855,89.27298114697139
0,1,569450,196,2.22301061007958,0.0525941644562335,18.0,2.0,9.57119363395226,6.95435013262599,0.0,9.001416,0.3974363,89.27298114697139
0,1,569450,196,2.27560477453581,0.0525941644562335,20.0,2.0,9.23803713527851,6.8779575596817,0.0,9.399366,0.3979505,89.27298114697139
0,1,569450,196,2.32819893899204,0.0525941644562335,22.0,2.0,8.90488063660477,6.8015649867374,0.0,9.783409,0.3840429,89.27298114697139
0,1,569450,196,2.3897,0.0615010610079572,24.0,2.0,8.75088095238095,6.724,0.0,10.143471,0.3600613,89.27298114697139
0,1,569450,196,2.4697,0.0800000000000001,26.0,2.0,8.96897619047619,6.644,0.0,10.477317,0.33384603,89.27298114697139
0,1,569450,196,2.5497,0.0800000000000001,28.0,2.0,9.18707142857143,6.564,0.0,10.784268,0.30695128,89.27298114697139
0,1,569450,196,2.6297,0.0800000000000001,30.0,2.0,9.40516666666667,6.484,0.0,11.067642,0.28337386,89.27298114697139
0,1,569450,196,2.7097,0.0799999999999996,32.0,2.0,9.6232619047619,6.404,0.0,11.332335,0.26469374,89.27298114697139
0,1,569450,196,2.7897,0.0800000000000001,34.0,2.0,9.84135714285714,6.324,0.0,11.583774,0.25143772,89.27298114697139
0,1,569450,196,2.8697,0.0800000000000001,36.0,2.0,10.0594523809524,6.244,0.0,11.823657,0.23988365,89.27298114697139
0,1,569450,196,2.9497,0.0800000000000001,38.0,2.0,10.2775476190476,6.164,0.0,12.051531,0.22787419,89.27298114697139
0,1,569450,196,3.0297,0.0800000000000001,40.0,2.0,10.4956428571429,6.084,0.0,12.267339,0.2158078,89.27298114697139
0,1,569450,196,3.1097,0.0800000000000001,42.0,2.0,10.7137380952381,6.004,0.0,12.472559,0.20522016,89.27298114697139
0,1,569450,196,3.1897,0.0800000000000001,44.0,2.0,10.9318333333333,5.924,0.0,12.669009,0.19644961,89.27298114697139
0,1,569450,196,3.23158663366337,0.0418866336633661,46.0,2.0,11.0193366336634,5.89725742574257,0.0029761752475247,12.855488,0.18647921,89.27298114697139
0,1,569450,196,3.26538861386139,0.0338019801980196,48.0,2.0,11.0791386138614,5.88181188118812,0.0065836603960396,13.0313425,0.17585486,89.27298114697139
0,1,569450,196,3.29919059405941,0.0338019801980201,50.0,2.0,11.1389405940594,5.86636633663366,0.0101911455445545,13.1961565,0.16481313,89.27298114697139
0,1,569450,196,3.33299257425743,0.0338019801980196,52.0,2.0,11.1987425742574,5.85092079207921,0.0137986306930693,13.349977,0.15382019,89.27298114697139
0,1,569450,196,3.36679455445545,0.0338019801980201,54.0,2.0,11.2585445544554,5.83547524752475,0.0174061158415842,13.493795,0.14381945,89.27298114697139
0,1,569450,196,3.40059653465347,0.0338019801980196,56.0,2.0,11.3183465346535,5.8200297029703,0.021013600990099,13.629129,0.13533396,89.27298114697139
0,1,569450,196,3.43439851485149,0.0338019801980201,58.0,2.0,11.3781485148515,5.80458415841584,0.0246210861386139,13.757833,0.12870279,89.27298114697139
0,1,569450,196,3.4682004950495,0.0338019801980196,60.0,2.0,11.4379504950495,5.78913861386139,0.0282285712871287,13.880825,0.122992784,89.27298114697139
0,1,569450,196,3.50200247524752,0.0338019801980201,62.0,2.0,11.4977524752475,5.77369306930693,0.0318360564356436,13.99865,0.1178247,89.27298114697139
0,1,569450,196,3.53580445544554,0.0338019801980196,64.0,2.0,11.5575544554455,5.75824752475248,0.0354435415841584,14.111906,0.113256305,89.27298114697139
0,1,569450,196,3.56960643564356,0.0338019801980196,66.0,2.0,11.6173564356436,5.74280198019802,0.0390510267326733,14.221085,0.10917866,89.27298114697139
0,1,569450,196,3.60340841584158,0.0338019801980201,68.0,2.0,11.6771584158416,5.72735643564356,0.0426585118811881,14.326215,0.10512996,89.27298114697139
0,1,569450,196,3.6372103960396,0.0338019801980196,70.0,2.0,11.7369603960396,5.71191089108911,0.046265997029703,14.427324,0.10110921,89.27298114697139
0,1,569450,196,3.67101237623762,0.0338019801980201,72.0,2.0,11.7967623762376,5.69646534653465,0.0498734821782178,14.524369,0.097044975,89.27298114697139
0,1,569450,196,3.70481435643564,0.0338019801980196,74.0,2.0,11.8565643564356,5.6810198019802,0.0534809673267327,14.617838,0.093468696,89.27298114697139
0,1,569450,196,3.73861633663366,0.0338019801980201,76.0,2.0,11.9163663366337,5.66557425742574,0.0570884524752475,14.708033,0.09019479,89.27298114697139
0,1,569450,196,3.77241831683168,0.0338019801980196,78.0,2.0,11.9761683168317,5.65012871287129,0.0606959376237624,14.795002,0.08696902,89.27298114697139
0,1,569450,196,3.8062202970297,0.0338019801980196,80.0,2.0,12.0359702970297,5.63468316831683,0.0643034227722772,14.878904,0.08390263,89.27298114697139
0,1,569450,196,3.84002227722772,0.0338019801980201,82.0,2.0,12.0957722772277,5.61923762376238,0.0679109079207921,14.959763,0.08085859,89.27298114697139
0,1,569450,196,3.87382425742574,0.0338019801980196,84.0,2.0,12.1555742574257,5.60379207920792,0.0715183930693069,15.037632,0.07786906,89.27298114697139
0,1,569450,196,3.90762623762376,0.0338019801980201,86.0,2.0,12.2153762376238,5.58834653465347,0.0751258782178218,15.112932,0.075300574,89.27298114697139
0,1,569450,196,3.94142821782178,0.0338019801980196,88.0,2.0,12.2751782178218,5.57290099009901,0.0787333633663366,15.185701,0.072769076,89.27298114697139
0,1,569450,196,3.9752301980198,0.0338019801980201,90.0,2.0,12.3349801980198,5.55745544554455,0.0823408485148515,15.255956,0.070254385,89.27298114697139
0,1,569450,196,4.00903217821782,0.0338019801980201,92.0,2.0,12.3947821782178,5.5420099009901,0.0859483336633663,15.323673,0.06771782,89.27298114697139
0,1,569450,196,4.04283415841584,0.0338019801980192,94.0,2.0,12.4545841584158,5.52656435643564,0.0895558188118812,15.388758,0.06508395,89.27298114697139
0,1,569450,196,4.066285,0.0234508415841583,96.0,2.0,12.4893014705882,5.52659558823529,0.0902448830882353,15.451193,0.062435597,89.27298114697139
0,1,569450,196,4.082085,0.0158000000000005,98.0,2.0,12.5054779411765,5.53806617647059,0.0887768536764706,15.511233,0.060040593,89.27298114697139
0,1,569450,196,4.097885,0.0157999999999996,100.0,2.0,12.5216544117647,5.54953676470588,0.0873088242647059,15.569341,0.0581069,89.27298114697139
0,1,569450,196,4.113685,0.0158000000000005,102.0,2.0,12.5378308823529,5.56100735294118,0.0858407948529412,15.625685,0.056343853,89.27298114697139
0,1,569450,196,4.129485,0.0157999999999996,104.0,2.0,12.5540073529412,5.57247794117647,0.0843727654411765,15.680278,0.054592818,89.27298114697139
0,1,569450,196,4.145285,0.0158000000000005,106.0,2.0,12.5701838235294,5.58394852941176,0.0829047360294118,15.733681,0.05340323,89.27298114697139
0,1,569450,196,4.161085,0.0157999999999996,108.0,2.0,12.5863602941176,5.59541911764706,0.0814367066176471,15.786463,0.052782655,89.27298114697139
0,1,569450,196,4.176885,0.0158000000000005,110.0,2.0,12.6025367647059,5.60688970588235,0.0799686772058824,15.838577,0.052114457,89.27298114697139
0,1,569450,196,4.192685,0.0157999999999996,112.0,2.0,12.6187132352941,5.61836029411765,0.0785006477941176,15.890024,0.051446885,89.27298114697139
0,1,569450,196,4.208485,0.0158000000000005,114.0,2.0,12.6348897058824,5.62983088235294,0.0770326183823529,15.941045,0.051019758,89.27298114697139
0,1,569450,196,4.224285,0.0157999999999996,116.0,2.0,12.6510661764706,5.64130147058824,0.0755645889705882,15.99216,0.05111596,89.27298114697139
0,1,569450,196,4.240085,0.0157999999999996,118.0,2.0,12.6672426470588,5.65277205882353,0.0740965595588235,16.043802,0.05164215,89.27298114697139
0,1,569450,196,4.255885,0.0158000000000005,120.0,2.0,12.6834191176471,5.66424264705882,0.0726285301470588,16.095606,0.05180323,89.27298114697139
0,1,569450,196,4.271685,0.0157999999999996,122.0,2.0,12.6995955882353,5.67571323529412,0.0711605007352941,16.147034,0.051428944,89.27298114697139
0,1,569450,196,4.287485,0.0158000000000005,124.0,2.0,12.7157720588235,5.68718382352941,0.0696924713235294,16.1978,0.0507659,89.27298114697139
0,1,569450,196,4.303285,0.0157999999999996,126.0,2.0,12.7319485294118,5.69865441176471,0.0682244419117647,16.24818,0.050379932,89.27298114697139
0,1,569450,196,4.319085,0.0158000000000005,128.0,2.0,12.748125,5.710125,0.0667564125,16.29867,0.050489753,89.27298114697139
0,1,569450,196,4.334885,0.0157999999999996,130.0,2.0,12.7643014705882,5.72159558823529,0.0652883830882353,16.35059,0.051919788,89.27298114697139
0,1,569450,196,4.350685,0.0158000000000005,132.0,2.0,12.7804779411765,5.73306617647059,0.0638203536764706,16.406214,0.055623084,89.27298114697139
0,1,569450,196,4.366485,0.0157999999999996,134.0,2.0,12.7966544117647,5.74453676470588,0.0623523242647059,16.459076,0.05286351,89.27298114697139
0,1,569450,196,4.382285,0.0158000000000005,136.0,2.0,12.8128308823529,5.75600735294118,0.0608842948529412,16.498556,0.039479703,89.27298114697139
0,1,569450,196,4.398085,0.0157999999999996,138.0,2.0,12.8290073529412,5.76747794117647,0.0594162654411765,16.527594,0.029036462,89.27298114697139
0,1,569450,196,4.413885,0.0158000000000005,140.0,2.0,12.8451838235294,5.77894852941176,0.0579482360294118,16.555687,0.028094947,89.27298114697139
0,1,569450,196,4.429685,0.0157999999999996,142.0,2.0,12.8613602941176,5.79041911764706,0.0564802066176471,16.59637,0.040682226,89.27298114697139
0,1,569450,196,4.445485,0.0158000000000005,144.0,2.0,12.8775367647059,5.80188970588235,0.0550121772058823,16.641703,0.045333505,89.27298114697139
0,1,569450,196,4.461285,0.0157999999999996,146.0,2.0,12.8937132352941,5.81336029411765,0.0535441477941176,16.68623,0.044526726,89.27298114697139
0,1,569450,196,4.477085,0.0158000000000005,148.0,2.0,12.9098897058824,5.82483088235294,0.0520761183823529,16.727741,0.041510493,89.27298114697139
0,1,569450,196,4.492885,0.0157999999999996,150.0,2.0,12.9260661764706,5.83630147058824,0.0506080889705882,16.784302,0.05656156,89.27298114697139
0,1,569450,196,4.508685,0.0157999999999996,152.0,2.0,12.9422426470588,5.84777205882353,0.0491400595588235,16.824911,0.04060951,89.27298114697139
0,1,569450,196,4.524485,0.0158000000000005,154.0,2.0,12.9584191176471,5.85924264705882,0.0476720301470588,16.874107,0.04919523,89.27298114697139
0,1,569450,196,4.540285,0.0157999999999996,156.0,2.0,12.9745955882353,5.87071323529412,0.0462040007352941,16.91573,0.041623294,89.27298114697139
0,1,569450,196,4.556085,0.0158000000000005,158.0,2.0,12.9907720588235,5.88218382352941,0.0447359713235294,16.95822,0.0424892,89.27298114697139
0,1,569450,196,4.571885,0.0157999999999996,160.0,2.0,13.0069485294118,5.89365441176471,0.0432679419117647,16.997948,0.03972867,89.27298114697139
0,1,569450,196,4.587685,0.0158000000000005,162.0,2.0,13.023125,5.905125,0.0417999125,17.036938,0.03899017,89.27298114697139
0,1,569450,196,4.5944,0.0067149999999998,164.0,2.0,13.03,5.91,0.041176,17.041182,0.0042435825,89.27298114697139
0,1,569450,200,0.1972,0.1972,2.0,2.0,3.6,2.5,0.0,1.2011116,1.2011116,89.27298114697139
0,1,569450,200,1.74223574691286,1.54503574691286,4.0,2.0,3.39677157124608,2.77097123833856,0.0,1.9048067,0.7036952,89.27298114697139
0,1,569450,200,2.56945090125466,0.827215154341794,6.0,2.0,2.91883807573178,2.82669962994842,0.0,2.5708523,0.66604555,89.27298114697139
0,1,569450,200,2.74644738922013,0.17699648796547,8.0,2.0,2.2654363027512,2.70104544283677,0.0,2.943721,0.37286878,89.27298114697139
0,1,569450,200,2.9234438771856,0.17699648796547,10.0,2.0,1.61203452977062,2.57539125572512,0.0,3.2823343,0.3386133,89.27298114697139
0,1,569450,200,3.10044036515107,0.17699648796547,12.0,2.0,0.958632756790038,2.44973706861347,0.0,3.5597036,0.27736932,89.27298114697139
0,1,569450,200,3.27743685311654,0.17699648796547,14.0,2.0,0.305230983809458,2.32408288150182,0.0,3.8222163,0.26251262,89.27298114697139
0,1,569450,200,3.45443334108201,0.17699648796547,16.0,2.0,-0.348170789171122,2.19842869439017,0.0,4.077931,0.25571463,89.27298114697139
0,1,569450,200,3.63142982904748,0.17699648796547,18.0,2.0,-1.0015725621517,2.07277450727852,0.0,4.329523,0.2515924,89.27298114697139
0,1,569450,200,3.80842631701295,0.17699648796547,20.0,2.0,-1.65497433513228,1.94712032016687,0.0,4.568852,0.23932846,89.27298114697139
0,1,569450,200,3.88367651013975,0.0752501931268026,22.0,2.0,-1.89492674215674,1.93043954705954,0.0013955686783825,4.792139,0.22328718,89.27298114697139
0,1,569450,200,3.89787892636335,0.0142024162236023,24.0,2.0,-1.88680952960753,1.9791428223548,0.0036284785637945,4.9963317,0.20419294,89.27298114697139
0,1,569450,200,3.91208134258696,0.0142024162236023,26.0,2.0,-1.87869231705832,2.02784609765007,0.0058613884492065,5.184648,0.18831602,89.27298114697139
0,1,569450,200,3.92628375881056,0.0142024162236019,28.0,2.0,-1.87057510450911,2.07654937294533,0.0080942983346185,5.3623667,0.17771888,89.27298114697139
0,1,569450,200,3.94048617503416,0.0142024162236023,30.0,2.0,-1.8624578919599,2.12525264824059,0.0103272082200306,5.533232,0.17086536,89.27298114697139
0,1,569450,200,3.95468859125776,0.0142024162236023,32.0,2.0,-1.85434067941069,2.17395592353586,0.0125601181054426,5.6981153,0.16488338,89.27298114697139
0,1,569450,200,3.96889100748136,0.0142024162236019,34.0,2.0,-1.84622346686148,2.22265919883112,0.0147930279908546,5.85985,0.16173449,89.27298114697139
0,1,569450,200,3.98309342370497,0.0142024162236023,36.0,2.0,-1.83810625431227,2.27136247412639,0.0170259378762666,6.018787,0.15893671,89.27298114697139
0,1,569450,200,3.99729583992857,0.0142024162236023,38.0,2.0,-1.82998904176306,2.32006574942165,0.0192588477616786,6.1747117,0.15592486,89.27298114697139
0,1,569450,200,4.01149825615217,0.0142024162236023,40.0,2.0,-1.82187182921385,2.36876902471691,0.0214917576470907,6.3262086,0.15149692,89.27298114697139
0,1,569450,200,4.02570067237577,0.0142024162236014,42.0,2.0,-1.81375461666464,2.41747230001218,0.0237246675325027,6.4724245,0.14621595,89.27298114697139
0,1,569450,200,4.03990308859937,0.0142024162236023,44.0,2.0,-1.80563740411543,2.46617557530744,0.0259575774179147,6.612377,0.13995284,89.27298114697139
0,1,569450,200,4.05410550482298,0.0142024162236023,46.0,2.0,-1.79752019156622,2.5148788506027,0.0281904873033267,6.7454185,0.13304105,89.27298114697139
0,1,569450,200,4.06830792104658,0.0142024162236023,48.0,2.0,-1.78940297901701,2.56358212589797,0.0304233971887387,6.87231,0.12689182,89.27298114697139
0,1,569450,200,4.08251033727018,0.0142024162236023,50.0,2.0,-1.7812857664678,2.61228540119323,0.0326563070741507,6.9936748,0.12136456,89.27298114697139
0,1,569450,200,4.09671275349378,0.0142024162236023,52.0,2.0,-1.77316855391858,2.66098867648849,0.0348892169595627,7.109816,0.11614126,89.27298114697139
0,1,569450,200,4.11091516971739,0.0142024162236014,54.0,2.0,-1.76505134136937,2.70969195178376,0.0371221268449748,7.2214274,0.111611664,89.27298114697139
0,1,569450,200,4.12511758594099,0.0142024162236023,56.0,2.0,-1.75693412882016,2.75839522707902,0.0393550367303868,7.3290634,0.10763565,89.27298114697139
0,1,569450,200,4.13932000216459,0.0142024162236023,58.0,2.0,-1.74881691627095,2.80709850237428,0.0415879466157988,7.4332695,0.104206175,89.27298114697139
0,1,569450,200,4.15352241838819,0.0142024162236023,60.0,2.0,-1.74069970372174,2.85580177766955,0.0438208565012108,7.534543,0.10127333,89.27298114697139
0,1,569450,200,4.16772483461179,0.0142024162236023,62.0,2.0,-1.73258249117253,2.90450505296481,0.0460537663866228,7.633334,0.09879133,89.27298114697139
0,1,569450,200,4.1819272508354,0.0142024162236023,64.0,2.0,-1.72446527862332,2.95320832826008,0.0482866762720348,7.729857,0.0965229,89.27298114697139
0,1,569450,200,4.196129667059,0.0142024162236023,66.0,2.0,-1.71634806607411,3.00191160355534,0.0505195861574469,7.824137,0.09428021,89.27298114697139
0,1,569450,200,4.2103320832826,0.0142024162236014,68.0,2.0,-1.7082308535249,3.0506148788506,0.0527524960428589,7.9164033,0.092265904,89.27298114697139
0,1,569450,200,4.2245344995062,0.0142024162236023,70.0,2.0,-1.70011364097569,3.09931815414587,0.0549854059282709,8.006832,0.09042895,89.27298114697139
0,1,569450,200,4.23873691572981,0.0142024162236023,72.0,2.0,-1.69199642842648,3.14802142944113,0.0572183158136829,8.095563,0.08873108,89.27298114697139
0,1,569450,200,4.25293933195341,0.0142024162236023,74.0,2.0,-1.68387921587727,3.19672470473639,0.0594512256990949,8.182732,0.08716869,89.27298114697139
0,1,569450,200,4.26714174817701,0.0142024162236023,76.0,2.0,-1.67576200332806,3.24542798003166,0.0616841355845069,8.268221,0.08548918,89.27298114697139
0,1,569450,200,4.28134416440061,0.0142024162236014,78.0,2.0,-1.66764479077885,3.29413125532692,0.063917045469919,8.351955,0.0837346,89.27298114697139
0,1,569450,200,4.29554658062421,0.0142024162236023,80.0,2.0,-1.65952757822964,3.34283453062218,0.066149955355331,8.434062,0.08210629,89.27298114697139
0,1,569450,200,4.30974899684782,0.0142024162236023,82.0,2.0,-1.65141036568043,3.39153780591745,0.068382865240743,8.514908,0.08084625,89.27298114697139
0,1,569450,200,4.32395141307142,0.0142024162236023,84.0,2.0,-1.64329315313121,3.44024108121271,0.070615775126155,8.594676,0.079767495,89.27298114697139
0,1,569450,200,4.33815382929502,0.0142024162236023,86.0,2.0,-1.635175940582,3.48894435650798,0.072848685011567,8.673453,0.07877764,89.27298114697139
0,1,569450,200,4.35235624551862,0.0142024162236023,88.0,2.0,-1.62705872803279,3.53764763180324,0.075081594896979,8.751292,0.077839136,89.27298114697139
0,1,569450,200,4.36655866174222,0.0142024162236023,90.0,2.0,-1.61894151548358,3.5863509070985,0.0773145047823911,8.8280735,0.07678148,89.27298114697139
0,1,569450,200,4.38076107796583,0.0142024162236014,92.0,2.0,-1.61082430293437,3.63505418239377,0.0795474146678031,8.903796,0.075722635,89.27298114697139
0,1,569450,200,4.39496349418943,0.0142024162236023,94.0,2.0,-1.60270709038516,3.68375745768903,0.0817803245532151,8.978445,0.07464871,89.27298114697139
0,1,569450,200,4.41316178176815,0.0181982875787234,96.0,2.0,-1.56407670595577,3.68676510219423,0.0852824909578316,9.051934,0.07348937,89.27298114697139
0,1,569450,200,4.4333595038509,0.0201977220827478,98.0,2.0,-1.51017829028552,3.66690779115782,0.0894197617122676,9.124345,0.07241061,89.27298114697139
0,1,569450,200,4.45355722593365,0.0201977220827487,100.0,2.0,-1.45627987461526,3.64705048012141,0.0935570324667035,9.195696,0.07135072,89.27298114697139
0,1,569450,200,4.4737549480164,0.0201977220827478,102.0,2.0,-1.40238145894501,3.627193169085,0.0976943032211395,9.265963,0.07026696,89.27298114697139
0,1,569450,200,4.49395267009915,0.0201977220827487,104.0,2.0,-1.34848304327475,3.60733585804859,0.101831573975576,9.335275,0.0693118,89.27298114697139
0,1,569450,200,4.51415039218189,0.0201977220827478,106.0,2.0,-1.2945846276045,3.58747854701218,0.105968844730011,9.403646,0.06837171,89.27298114697139
0,1,569450,200,4.53434811426464,0.0201977220827487,108.0,2.0,-1.24068621193424,3.56762123597577,0.110106115484447,9.47104,0.067393154,89.27298114697139
0,1,569450,200,4.55454583634739,0.0201977220827478,110.0,2.0,-1.18678779626399,3.54776392493936,0.114243386238883,9.537369,0.066328764,89.27298114697139
0,1,569450,200,4.57474355843014,0.0201977220827478,112.0,2.0,-1.13288938059373,3.52790661390295,0.118380656993319,9.602506,0.06513733,89.27298114697139
0,1,569450,200,4.59494128051289,0.0201977220827487,114.0,2.0,-1.07899096492348,3.50804930286654,0.122517927747755,9.666358,0.06385249,89.27298114697139
0,1,569450,200,4.61513900259563,0.0201977220827478,116.0,2.0,-1.02509254925322,3.48819199183013,0.126655198502191,9.72892,0.06256208,89.27298114697139
0,1,569450,200,4.63533672467838,0.0201977220827487,118.0,2.0,-0.971194133582968,3.46833468079372,0.130792469256627,9.790204,0.061283886,89.27298114697139
0,1,569450,200,4.65553444676113,0.0201977220827478,120.0,2.0,-0.917295717912713,3.44847736975732,0.134929740011063,9.850899,0.060694754,89.27298114697139
0,1,569450,200,4.67573216884388,0.0201977220827487,122.0,2.0,-0.863397302242458,3.42862005872091,0.139067010765499,9.911422,0.060522467,89.27298114697139
0,1,569450,200,4.69592989092663,0.0201977220827478,124.0,2.0,-0.809498886572202,3.4087627476845,0.143204281519935,9.970951,0.059529245,89.27298114697139
0,1,569450,200,4.71612761300938,0.0201977220827487,126.0,2.0,-0.755600470901947,3.38890543664809,0.147341552274371,10.028888,0.057937175,89.27298114697139
0,1,569450,200,4.73632533509212,0.0201977220827478,128.0,2.0,-0.701702055231692,3.36904812561168,0.151478823028807,10.084743,0.055855006,89.27298114697139
0,1,569450,200,4.75652305717487,0.0201977220827487,130.0,2.0,-0.647803639561437,3.34919081457527,0.155616093783243,10.138187,0.053444922,89.27298114697139
0,1,569450,200,4.77672077925762,0.0201977220827478,132.0,2.0,-0.593905223891182,3.32933350353886,0.159753364537679,10.189061,0.0508731,89.27298114697139
0,1,569450,200,4.79691850134037,0.0201977220827487,134.0,2.0,-0.540006808220927,3.30947619250245,0.163890635292115,10.241448,0.052387208,89.27298114697139
0,1,569450,200,4.81711622342312,0.0201977220827478,136.0,2.0,-0.486108392550672,3.28961888146604,0.168027906046551,10.295465,0.054017007,89.27298114697139
0,1,569450,200,4.83731394550586,0.0201977220827478,138.0,2.0,-0.432209976880416,3.26976157042963,0.172165176800987,10.340025,0.044560015,89.27298114697139
0,1,569450,200,4.85751166758861,0.0201977220827487,140.0,2.0,-0.378311561210161,3.24990425939322,0.176302447555423,10.372579,0.032553375,89.27298114697139
0,1,569450,200,4.87770938967136,0.0201977220827478,142.0,2.0,-0.324413145539906,3.23004694835681,0.180439718309859,10.400056,0.02747783,89.27298114697139
0,1,569450,200,4.89790711175411,0.0201977220827487,144.0,2.0,-0.270514729869651,3.2101896373204,0.184576989064295,10.434974,0.034917742,89.27298114697139
0,1,569450,200,4.91810483383686,0.0201977220827478,146.0,2.0,-0.216616314199396,3.19033232628399,0.188714259818731,10.472206,0.03723222,89.27298114697139
0,1,569450,200,4.93830255591961,0.0201977220827487,148.0,2.0,-0.16271789852914,3.17047501524758,0.192851530573167,10.512261,0.04005474,89.27298114697139
0,1,569450,200,4.95850027800235,0.0201977220827478,150.0,2.0,-0.108819482858885,3.15061770421117,0.196988801327603,10.555167,0.042906612,89.27298114697139
0,1,569450,200,4.9786980000851,0.0201977220827487,152.0,2.0,-0.05492106718863,3.13076039317476,0.201126072082039,10.614268,0.059100688,89.27298114697139
0,1,569450,200,4.99889572216785,0.0201977220827478,154.0,2.0,-0.0010226515183746,3.11090308213835,0.205263342836475,10.65823,0.043961644,89.27298114697139
0,1,569450,200,5.0190934442506,0.0201977220827487,156.0,2.0,0.0528757641518804,3.09104577110194,0.209400613590911,10.707711,0.049481124,89.27298114697139
0,1,569450,200,5.03929116633335,0.0201977220827478,158.0,2.0,0.106774179822136,3.07118846006553,0.213537884345347,10.745727,0.038015455,89.27298114697139
0,1,569450,200,5.0594888884161,0.0201977220827487,160.0,2.0,0.160672595492391,3.05133114902912,0.217675155099783,10.786778,0.041052133,89.27298114697139
0,1,569450,200,5.07968661049884,0.0201977220827478,162.0,2.0,0.214571011162646,3.03147383799271,0.221812425854219,10.818986,0.03220719,89.27298114697139
0,1,569450,200,5.09988433258159,0.0201977220827478,164.0,2.0,0.268469426832901,3.0116165269563,0.225949696608655,10.848955,0.029969186,89.27298114697139
0,1,569450,200,5.1117,0.011815667418408,166.0,2.0,0.3,3.0,0.22837,10.83935,-0.009604812,89.27298114697139
0,1,569450,927,6.166,6.166,2.0,2.0,16.3,8.1572,0.1,3.7849674,3.7849674,89.27298114697139
0,1,569450,927,7.984,1.818,4.0,2.0,16.3,7.8256,0.0,5.27742,1.4924529,89.27298114697139
0,1,569450,927,8.104,0.119999999999999,6.0,2.0,16.3,7.2134,0.0,5.923809,0.6463886,89.27298114697139
0,1,569450,927,8.15413698630137,0.0501369863013696,8.0,2.0,16.4424657534247,6.82652876712329,0.0119769863013699,6.367428,0.44361904,89.27298114697139
0,1,569450,927,8.20427397260274,0.0501369863013696,10.0,2.0,16.5849315068493,6.43965753424658,0.0239539726027397,6.7461286,0.37870052,89.27298114697139
0,1,569450,927,8.25441095890411,0.0501369863013714,12.0,2.0,16.727397260274,6.05278630136986,0.0359309589041096,7.048188,0.30205977,89.27298114697139
0,1,569450,927,8.30454794520548,0.0501369863013696,14.0,2.0,16.8698630136986,5.66591506849315,0.0479079452054794,7.349787,0.30159903,89.27298114697139
0,1,569450,927,8.35468493150685,0.0501369863013696,16.0,2.0,17.0123287671233,5.27904383561644,0.0598849315068493,7.6655416,0.31575423,89.27298114697139
0,1,569450,927,8.40482191780822,0.0501369863013696,18.0,2.0,17.1547945205479,4.89217260273973,0.0718619178082192,7.989933,0.3243914,89.27298114697139
0,1,569450,927,8.45495890410959,0.0501369863013696,20.0,2.0,17.2972602739726,4.50530136986301,0.083838904109589,8.305485,0.3155519,89.27298114697139
0,1,569450,927,8.50509589041096,0.0501369863013714,22.0,2.0,17.4397260273973,4.1184301369863,0.0958158904109589,8.599203,0.29371822,89.27298114697139
0,1,569450,927,8.55523287671233,0.0501369863013696,24.0,2.0,17.5821917808219,3.73155890410959,0.107792876712329,8.872361,0.27315843,89.27298114697139
0,1,569450,927,8.64014320059179,0.0849103238794591,26.0,2.0,17.5784243619776,3.81381891258784,0.101429995068426,9.131252,0.25889128,89.27298114697139
0,1,569450,927,8.73002114412526,0.0898779435334731,28.0,2.0,17.5537664899519,3.96309766983109,0.0924471322894834,9.384673,0.25342047,89.27298114697139
0,1,569450,927,8.81989908765873,0.0898779435334731,30.0,2.0,17.5291086179263,4.11237642707434,0.0834642695105412,9.631435,0.24676187,89.27298114697139
0,1,569450,927,8.90977703119221,0.0898779435334731,32.0,2.0,17.5044507459006,4.26165518431759,0.0744814067315991,9.868171,0.2367358,89.27298114697139
0,1,569450,927,8.99965497472568,0.0898779435334731,34.0,2.0,17.479792873875,4.41093394156084,0.0654985439526569,10.093137,0.22496629,89.27298114697139
0,1,569450,927,9.08953291825915,0.0898779435334731,36.0,2.0,17.4551350018493,4.56021269880409,0.0565156811737147,10.306056,0.21291843,89.27298114697139
0,1,569450,927,9.17941086179263,0.0898779435334731,38.0,2.0,17.4304771298237,4.70949145604734,0.0475328183947725,10.507358,0.20130235,89.27298114697139
0,1,569450,927,9.2692888053261,0.0898779435334731,40.0,2.0,17.4058192577981,4.85877021329059,0.0385499556158303,10.7001,0.1927416,89.27298114697139
0,1,569450,927,9.35916674885957,0.0898779435334731,42.0,2.0,17.3811613857724,5.00804897053384,0.0295670928368882,10.886154,0.18605486,89.27298114697139
0,1,569450,927,9.44904469239305,0.0898779435334731,44.0,2.0,17.3565035137468,5.15732772777709,0.020584230057946,11.066474,0.18031949,89.27298114697139
0,1,569450,927,9.53892263592652,0.0898779435334731,46.0,2.0,17.3318456417211,5.30660648502034,0.0116013672790038,11.24099,0.17451623,89.27298114697139
0,1,569450,927,9.62880057945999,0.0898779435334713,48.0,2.0,17.3071877696955,5.45588524226359,0.0026185045000616,11.409402,0.16841158,89.27298114697139
0,1,569450,927,9.670587,0.0417864205400083,50.0,2.0,17.1776227272727,5.44255575681818,0.0040986725,11.571708,0.16230649,89.27298114697139
0,1,569450,927,9.692587,0.0220000000000002,52.0,2.0,17.0048954545455,5.36232393863636,0.0098836725,11.727592,0.15588441,89.27298114697139
0,1,569450,927,9.714587,0.0220000000000002,54.0,2.0,16.8321681818182,5.28209212045455,0.0156686725,11.876472,0.14887953,89.27298114697139
0,1,569450,927,9.736587,0.0220000000000002,56.0,2.0,16.6594409090909,5.20186030227273,0.0214536725,12.017886,0.14141378,89.27298114697139
0,1,569450,927,9.758587,0.0219999999999985,58.0,2.0,16.4867136363636,5.12162848409091,0.0272386725,12.152081,0.13419512,89.27298114697139
0,1,569450,927,9.780587,0.0220000000000002,60.0,2.0,16.3139863636364,5.04139666590909,0.0330236725,12.279134,0.12705311,89.27298114697139
0,1,569450,927,9.802587,0.0220000000000002,62.0,2.0,16.1412590909091,4.96116484772727,0.0388086725,12.3997135,0.12057915,89.27298114697139
0,1,569450,927,9.824587,0.0220000000000002,64.0,2.0,15.9685318181818,4.88093302954545,0.0445936725,12.51474,0.11502683,89.27298114697139
0,1,569450,927,9.846587,0.0220000000000002,66.0,2.0,15.7958045454545,4.80070121136364,0.0503786725,12.62516,0.110420585,89.27298114697139
0,1,569450,927,9.868587,0.0220000000000002,68.0,2.0,15.6230772727273,4.72046939318182,0.0561636725,12.731118,0.10595751,89.27298114697139
0,1,569450,927,9.890587,0.0220000000000002,70.0,2.0,15.45035,4.640237575,0.0619486725,12.83278,0.1016621,89.27298114697139
0,1,569450,927,9.912587,0.0219999999999985,72.0,2.0,15.2776227272727,4.56000575681818,0.0677336725,12.930927,0.098147064,89.27298114697139
0,1,569450,927,9.934587,0.0220000000000002,74.0,2.0,15.1048954545455,4.47977393863636,0.0735186725,13.025511,0.0945839,89.27298114697139
0,1,569450,927,9.956587,0.0220000000000002,76.0,2.0,14.9321681818182,4.39954212045455,0.0793036725,13.116365,0.090854496,89.27298114697139
0,1,569450,927,9.978587,0.0220000000000002,78.0,2.0,14.7594409090909,4.31931030227273,0.0850886725,13.203954,0.08758783,89.27298114697139
0,1,569450,927,10.000587,0.0220000000000002,80.0,2.0,14.5867136363636,4.23907848409091,0.0908736725,13.288686,0.084732175,89.27298114697139
0,1,569450,927,10.022587,0.0220000000000002,82.0,2.0,14.4139863636364,4.15884666590909,0.0966586725,13.37124,0.08255401,89.27298114697139
0,1,569450,927,10.044587,0.0220000000000002,84.0,2.0,14.2412590909091,4.07861484772727,0.1024436725,13.452609,0.08136895,89.27298114697139
0,1,569450,927,10.066587,0.0220000000000002,86.0,2.0,14.0685318181818,3.99838302954545,0.1082286725,13.533639,0.0810301,89.27298114697139
0,1,569450,927,10.088587,0.0219999999999985,88.0,2.0,13.8958045454545,3.91815121136364,0.1140136725,13.614582,0.0809429,89.27298114697139
0,1,569450,927,10.110587,0.0220000000000002,90.0,2.0,13.7230772727273,3.83791939318182,0.1197986725,13.695368,0.08078599,89.27298114697139
0,1,569450,927,10.132587,0.0220000000000002,92.0,2.0,13.55035,3.757687575,0.1255836725,13.77582,0.08045164,89.27298114697139
0,1,569450,927,10.1035871865957,-0.0289998134042939,94.0,2.0,13.6261671084849,3.7559491288423,0.123620616387073,13.855125,0.07930577,89.27298114697139
0,1,569450,927,10.0536043871542,-0.0499827994414872,96.0,2.0,13.8042434789647,3.78650541514054,0.118469757370945,13.932293,0.07716772,89.27298114697139
0,1,569450,927,10.0036215877127,-0.049982799441489,98.0,2.0,13.9823198494445,3.81706170143878,0.113318898354817,14.0064335,0.07414085,89.27298114697139
0,1,569450,927,9.95363878827124,-0.0499827994414872,100.0,2.0,14.1603962199243,3.84761798773701,0.108168039338689,14.077068,0.07063508,89.27298114697139
0,1,569450,927,9.90365598882975,-0.0499827994414872,102.0,2.0,14.3384725904041,3.87817427403525,0.103017180322561,14.143967,0.06689805,89.27298114697139
0,1,569450,927,9.85367318938827,-0.0499827994414872,104.0,2.0,14.5165489608839,3.90873056033349,0.097866321306433,14.208186,0.064219356,89.27298114697139
0,1,569450,927,9.80369038994678,-0.049982799441489,106.0,2.0,14.6946253313637,3.93928684663173,0.0927154622903049,14.272946,0.06475994,89.27298114697139
0,1,569450,927,9.75370759050529,-0.0499827994414872,108.0,2.0,14.8727017018435,3.96984313292996,0.0875646032741769,14.341742,0.0687955,89.27298114697139
0,1,569450,927,9.7037247910638,-0.0499827994414872,110.0,2.0,15.0507780723233,4.0003994192282,0.0824137442580488,14.414326,0.07258424,89.27298114697139
0,1,569450,927,9.65374199162232,-0.049982799441489,112.0,2.0,15.2288544428031,4.03095570552644,0.0772628852419208,14.485001,0.0706743,89.27298114697139
0,1,569450,927,9.60375919218083,-0.0499827994414872,114.0,2.0,15.4069308132829,4.06151199182468,0.0721120262257927,14.546067,0.061066836,89.27298114697139
0,1,569450,927,9.55377639273934,-0.0499827994414872,116.0,2.0,15.5850071837627,4.09206827812291,0.0669611672096647,14.598087,0.05202025,89.27298114697139
0,1,569450,927,9.50379359329785,-0.0499827994414872,118.0,2.0,15.7630835542425,4.12262456442115,0.0618103081935366,14.648608,0.05052054,89.27298114697139
0,1,569450,927,9.45381079385636,-0.049982799441489,120.0,2.0,15.9411599247223,4.15318085071939,0.0566594491774086,14.691791,0.043182522,89.27298114697139
0,1,569450,927,9.40382799441488,-0.0499827994414872,122.0,2.0,16.1192362952021,4.18373713701763,0.0515085901612805,14.741276,0.049484998,89.27298114697139
0,1,569450,927,9.35384519497339,-0.0499827994414872,124.0,2.0,16.2973126656819,4.21429342331586,0.0463577311451525,14.799509,0.058234006,89.27298114697139
0,1,569450,927,9.3038623955319,-0.049982799441489,126.0,2.0,16.4753890361616,4.2448497096141,0.0412068721290244,14.844422,0.044913173,89.27298114697139
0,1,569450,927,9.25387959609041,-0.0499827994414872,128.0,2.0,16.6534654066414,4.27540599591234,0.0360560131128964,14.894621,0.050198615,89.27298114697139
0,1,569450,927,9.20389679664893,-0.0499827994414872,130.0,2.0,16.8315417771212,4.30596228221058,0.0309051540967683,14.918844,0.02422306,89.27298114697139
0,1,569450,927,9.15391399720744,-0.049982799441489,132.0,2.0,17.009618147601,4.33651856850881,0.0257542950806403,14.9647665,0.045922667,89.27298114697139
0,1,569450,927,9.10393119776595,-0.0499827994414872,134.0,2.0,17.1876945180808,4.36707485480705,0.0206034360645122,14.992933,0.028166771,89.27298114697139
0,1,569450,927,9.05394839832446,-0.0499827994414872,136.0,2.0,17.3657708885606,4.39763114110529,0.0154525770483842,15.05533,0.062396675,89.27298114697139
0,1,569450,927,9.00396559888298,-0.0499827994414872,138.0,2.0,17.5438472590404,4.42818742740353,0.0103017180322561,15.111185,0.0558545,89.27298114697139
0,1,569450,927,8.95398279944149,-0.049982799441489,140.0,2.0,17.7219236295202,4.45874371370176,0.005150859016128,15.163032,0.051846355,89.27298114697139
0,1,569450,927,8.904,-0.0499827994414872,142.0,2.0,17.9,4.4893,0.0,15.166044,0.0030127466,89.27298114697139
0,1,569450,940,6.08,6.08,2.0,2.0,16.3,8.1572,0.1,3.7986698,3.7986698,89.27298114697139
0,1,569450,940,7.254,1.174,4.0,2.0,16.3,7.8256,0.0,5.2836447,1.4849751,89.27298114697139
0,1,569450,940,7.658,0.404000000000001,6.0,2.0,16.3,7.2134,0.0,5.9028125,0.61916775,89.27298114697139
0,1,569450,940,7.70804623837241,0.050046238372409,8.0,2.0,16.4414350214872,6.82932775934287,0.0118261437197411,6.345301,0.44248864,89.27298114697139
0,1,569450,940,7.75809247674482,0.0500462383724098,10.0,2.0,16.5828700429745,6.44525551868574,0.0236522874394821,6.7225327,0.37723127,89.27298114697139
0,1,569450,940,7.80813871511723,0.050046238372409,12.0,2.0,16.7243050644617,6.06118327802861,0.0354784311592232,7.023222,0.30068922,89.27298114697139
0,1,569450,940,7.85818495348964,0.050046238372409,14.0,2.0,16.865740085949,5.67711103737148,0.0473045748789643,7.3241224,0.3009008,89.27298114697139
0,1,569450,940,7.90823119186205,0.0500462383724098,16.0,2.0,17.0071751074362,5.29303879671436,0.0591307185987053,7.639932,0.31580955,89.27298114697139
0,1,569450,940,7.95827743023446,0.050046238372409,18.0,2.0,17.1486101289235,4.90896655605723,0.0709568623184464,7.9649024,0.32497025,89.27298114697139
0,1,569450,940,8.00832366860686,0.050046238372409,20.0,2.0,17.2900451504107,4.5248943154001,0.0827830060381875,8.281328,0.316426,89.27298114697139
0,1,569450,940,8.05836990697927,0.0500462383724098,22.0,2.0,17.431480171898,4.14082207474297,0.0946091497579285,8.576117,0.2947883,89.27298114697139
0,1,569450,940,8.10841614535168,0.0500462383724098,24.0,2.0,17.5729151933852,3.75674983408584,0.10643529347767,8.850304,0.27418676,89.27298114697139
0,1,569450,940,8.16644222076108,0.0580260754093906,26.0,2.0,17.580064929728,3.80388691542697,0.101476859538095,9.1099,0.25959677,89.27298114697139
0,1,569450,940,8.22635838744144,0.0599161666803649,28.0,2.0,17.5554080710118,3.95315953809485,0.0925428577299252,9.363691,0.253791,89.27298114697139
0,1,569450,940,8.28627455412181,0.0599161666803649,30.0,2.0,17.5307512122956,4.10243216076272,0.0836088559217556,9.610445,0.2467537,89.27298114697139
0,1,569450,940,8.34619072080217,0.0599161666803649,32.0,2.0,17.5060943535794,4.25170478343059,0.0746748541135859,9.846873,0.23642811,89.27298114697139
0,1,569450,940,8.40610688748253,0.0599161666803649,34.0,2.0,17.4814374948632,4.40097740609846,0.0657408523054163,10.071309,0.22443603,89.27298114697139
0,1,569450,940,8.4660230541629,0.0599161666803649,36.0,2.0,17.456780636147,4.55025002876634,0.0568068504972466,10.283586,0.21227682,89.27298114697139
0,1,569450,940,8.52593922084326,0.0599161666803649,38.0,2.0,17.4321237774308,4.69952265143421,0.047872848689077,10.484259,0.20067242,89.27298114697139
0,1,569450,940,8.58585538752363,0.0599161666803649,40.0,2.0,17.4074669187146,4.84879527410208,0.0389388468809074,10.676472,0.19221354,89.27298114697139
0,1,569450,940,8.64577155420399,0.0599161666803649,42.0,2.0,17.3828100599984,4.99806789676995,0.0300048450727377,10.862163,0.18569085,89.27298114697139
0,1,569450,940,8.70568772088436,0.0599161666803649,44.0,2.0,17.3581532012822,5.14734051943782,0.0210708432645681,11.042288,0.18012536,89.27298114697139
0,1,569450,940,8.76560388756472,0.0599161666803649,46.0,2.0,17.333496342566,5.2966131421057,0.0121368414563985,11.216932,0.17464393,89.27298114697139
0,1,569450,940,8.82552005424509,0.0599161666803649,48.0,2.0,17.3088394838498,5.44588576477357,0.0032028396482288,11.385691,0.16875902,89.27298114697139
0,1,569450,940,8.82647956513728,0.0009595108921871,50.0,2.0,17.1877049935508,5.44723896950433,0.0038130064953012,11.548466,0.1627748,89.27298114697139
0,1,569450,940,8.79449135802469,-0.031988207112585,52.0,2.0,17.0126543209877,5.36592793209877,0.0097568981481481,11.704871,0.15640554,89.27298114697139
0,1,569450,940,8.76250315091211,-0.031988207112585,54.0,2.0,16.8376036484245,5.2846168946932,0.015700789800995,11.854165,0.14929342,89.27298114697139
0,1,569450,940,8.73051494379952,-0.0319882071125868,56.0,2.0,16.6625529758614,5.20330585728764,0.0216446814538419,11.995789,0.14162427,89.27298114697139
0,1,569450,940,8.69852673668693,-0.031988207112585,58.0,2.0,16.4875023032983,5.12199481988207,0.0275885731066888,12.12992,0.13413098,89.27298114697139
0,1,569450,940,8.66653852957435,-0.031988207112585,60.0,2.0,16.3124516307352,5.04068378247651,0.0335324647595357,12.25663,0.12670964,89.27298114697139
0,1,569450,940,8.63455032246176,-0.031988207112585,62.0,2.0,16.1374009581721,4.95937274507094,0.0394763564123825,12.376654,0.12002358,89.27298114697139
0,1,569450,940,8.60256211534918,-0.031988207112585,64.0,2.0,15.962350285609,4.87806170766538,0.0454202480652294,12.491014,0.11436069,89.27298114697139
0,1,569450,940,8.57057390823659,-0.031988207112585,66.0,2.0,15.7872996130459,4.79675067025981,0.0513641397180763,12.600792,0.109778345,89.27298114697139
0,1,569450,940,8.53858570112401,-0.031988207112585,68.0,2.0,15.6122489404828,4.71543963285425,0.0573080313709232,12.706285,0.10549289,89.27298114697139
0,1,569450,940,8.50659749401142,-0.0319882071125868,70.0,2.0,15.4371982679197,4.63412859544868,0.06325192302377,12.807744,0.101459235,89.27298114697139
0,1,569450,940,8.47460928689884,-0.031988207112585,72.0,2.0,15.2621475953566,4.55281755804312,0.0691958146766169,12.905998,0.09825429,89.27298114697139
0,1,569450,940,8.44262107978625,-0.031988207112585,74.0,2.0,15.0870969227934,4.47150652063755,0.0751397063294638,13.001011,0.09501225,89.27298114697139
0,1,569450,940,8.41063287267367,-0.031988207112585,76.0,2.0,14.9120462502303,4.39019548323199,0.0810835979823107,13.092508,0.09149754,89.27298114697139
0,1,569450,940,8.37864466556108,-0.031988207112585,78.0,2.0,14.7369955776672,4.30888444582642,0.0870274896351576,13.180872,0.08836371,89.27298114697139
0,1,569450,940,8.3466564584485,-0.031988207112585,80.0,2.0,14.5619449051041,4.22757340842086,0.0929713812880044,13.266305,0.08543274,89.27298114697139
0,1,569450,940,8.31466825133591,-0.031988207112585,82.0,2.0,14.386894232541,4.14626237101529,0.0989152729408513,13.349088,0.08278328,89.27298114697139
0,1,569450,940,8.28268004422333,-0.031988207112585,84.0,2.0,14.2118435599779,4.06495133360973,0.104859164593698,13.430202,0.08111292,89.27298114697139
0,1,569450,940,8.25069183711074,-0.0319882071125868,86.0,2.0,14.0367928874148,3.98364029620416,0.110803056246545,13.510375,0.080174,89.27298114697139
0,1,569450,940,8.21870362999816,-0.031988207112585,88.0,2.0,13.8617422148517,3.9023292587986,0.116746947899392,13.590194,0.079818815,89.27298114697139
0,1,569450,940,8.18671542288557,-0.031988207112585,90.0,2.0,13.6866915422886,3.82101822139304,0.122690839552239,13.669924,0.079729915,89.27298114697139
0,1,569450,940,8.15472721577299,-0.031988207112585,92.0,2.0,13.5116408697254,3.73970718398747,0.128634731205086,13.749738,0.07981399,89.27298114697139
0,1,569450,940,8.20485819660637,0.0501309808333801,94.0,2.0,13.6645691848468,3.76253857603622,0.124204008654366,13.829176,0.07943824,89.27298114697139
0,1,569450,940,8.26083912494741,0.0559809283410466,96.0,2.0,13.8408618306389,3.79278879139371,0.119034226816515,13.90745,0.078273624,89.27298114697139
0,1,569450,940,8.31682005328846,0.0559809283410448,98.0,2.0,14.0171544764309,3.82303900675121,0.113864444978665,13.983442,0.075992376,89.27298114697139
0,1,569450,940,8.3728009816295,0.0559809283410466,100.0,2.0,14.1934471222229,3.8532892221087,0.108694663140814,14.056101,0.07265851,89.27298114697139
0,1,569450,940,8.42878190997055,0.0559809283410466,102.0,2.0,14.3697397680149,3.88353943746619,0.103524881302963,14.124974,0.06887412,89.27298114697139
0,1,569450,940,8.4847628383116,0.0559809283410448,104.0,2.0,14.5460324138069,3.91378965282369,0.0983550994651121,14.18988,0.06490594,89.27298114697139
0,1,569450,940,8.54074376665264,0.0559809283410466,106.0,2.0,14.7223250595989,3.94403986818118,0.0931853176272613,14.252137,0.062256664,89.27298114697139
0,1,569450,940,8.59672469499369,0.0559809283410466,108.0,2.0,14.8986177053909,3.97429008353867,0.0880155357894104,14.314972,0.06283471,89.27298114697139
0,1,569450,940,8.65270562333474,0.0559809283410466,110.0,2.0,15.074910351183,4.00454029889617,0.0828457539515596,14.381605,0.066632956,89.27298114697139
0,1,569450,940,8.70868655167578,0.0559809283410448,112.0,2.0,15.251202996975,4.03479051425366,0.0776759721137088,14.451761,0.070156276,89.27298114697139
0,1,569450,940,8.76466748001683,0.0559809283410466,114.0,2.0,15.427495642767,4.06504072961115,0.0725061902758579,14.519582,0.06782028,89.27298114697139
0,1,569450,940,8.82064840835787,0.0559809283410466,116.0,2.0,15.603788288559,4.09529094496865,0.0673364084380071,14.577762,0.0581806,89.27298114697139
0,1,569450,940,8.87662933669892,0.0559809283410448,118.0,2.0,15.780080934351,4.12554116032614,0.0621666266001563,14.626829,0.049066722,89.27298114697139
0,1,569450,940,8.93261026503997,0.0559809283410466,120.0,2.0,15.956373580143,4.15579137568364,0.0569968447623054,14.674404,0.047574878,89.27298114697139
0,1,569450,940,8.98859119338101,0.0559809283410466,122.0,2.0,16.1326662259351,4.18604159104113,0.0518270629244546,14.715057,0.040653765,89.27298114697139
0,1,569450,940,9.04457212172206,0.0559809283410466,124.0,2.0,16.3089588717271,4.21629180639862,0.0466572810866038,14.761862,0.04680434,89.27298114697139
0,1,569450,940,9.1005530500631,0.0559809283410448,126.0,2.0,16.4852515175191,4.24654202175611,0.0414874992487529,14.817007,0.055145323,89.27298114697139
0,1,569450,940,9.15653397840415,0.0559809283410466,128.0,2.0,16.6615441633111,4.27679223711361,0.0363177174109021,14.858413,0.04140535,89.27298114697139
0,1,569450,940,9.2125149067452,0.0559809283410466,130.0,2.0,16.8378368091031,4.3070424524711,0.0311479355730513,14.905285,0.046872795,89.27298114697139
0,1,569450,940,9.26849583508624,0.0559809283410448,132.0,2.0,17.0141294548951,4.3372926678286,0.0259781537352004,14.926122,0.02083677,89.27298114697139
0,1,569450,940,9.32447676342729,0.0559809283410466,134.0,2.0,17.1904221006871,4.36754288318609,0.0208083718973496,14.968206,0.042084724,89.27298114697139
0,1,569450,940,9.38045769176833,0.0559809283410466,136.0,2.0,17.3667147464792,4.39779309854358,0.0156385900594988,14.993433,0.025225878,89.27298114697139
0,1,569450,940,9.43643862010938,0.0559809283410466,138.0,2.0,17.5430073922712,4.42804331390108,0.010468808221648,15.051921,0.05848813,89.27298114697139
0,1,569450,940,9.49241954845043,0.0559809283410448,140.0,2.0,17.7193000380632,4.45829352925857,0.0052990263837971,15.103771,0.051850617,89.27298114697139
0,1,569450,940,9.54840047679147,0.0559809283410466,142.0,2.0,17.8955926838552,4.48854374461606,0.0001292445459462,15.151403,0.0476321,89.27298114697139
0,1,569450,940,9.5498,0.0013995232085264,144.0,2.0,17.9,4.4893,0.0,15.150047,-0.0013563931,89.27298114697139
0,1,569450,957,1.5393584,1.5393584,2.0,2.0,14.0,15.9689119,1.29996,2.6375883,2.6375883,89.27298114697139
0,1,569450,957,2.684012,1.1446536,4.0,2.0,14.0,16.1103996666667,0.0,4.332864,1.6952753,89.27298114697139
0,1,569450,957,3.404012,0.72,6.0,2.0,14.0,16.7570663333333,0.0,5.8672543,1.5343909,89.27298114697139
0,1,569450,957,3.56242104035067,0.158409040350673,8.0,2.0,14.0,15.5932196303272,0.0,6.295385,0.42813036,89.27298114697139
0,1,569450,957,3.69642327372123,0.134002233370556,10.0,2.0,14.0,14.3506878103524,0.0,6.6769943,0.38160968,89.27298114697139
0,1,569450,957,3.83042550709178,0.134002233370556,12.0,2.0,14.0,13.1081559903776,0.0,7.0009785,0.3239838,89.27298114697139
0,1,569450,957,3.96442774046234,0.134002233370556,14.0,2.0,14.0,11.8656241704028,0.0,7.309779,0.30880064,89.27298114697139
0,1,569450,957,4.0984299738329,0.134002233370556,16.0,2.0,14.0,10.6230923504281,0.0,7.6103873,0.30060816,89.27298114697139
0,1,569450,957,4.23243220720345,0.134002233370556,18.0,2.0,14.0,9.38056053045328,0.0,7.903543,0.2931557,89.27298114697139
0,1,569450,957,4.36643444057401,0.134002233370556,20.0,2.0,14.0,8.13802871047851,0.0,8.172897,0.26935482,89.27298114697139
0,1,569450,957,4.50043667394457,0.134002233370556,22.0,2.0,14.0,6.89549689050373,0.0,8.404502,0.2316046,89.27298114697139
0,1,569450,957,4.63443890731512,0.134002233370556,24.0,2.0,14.0,5.65296507052895,0.0,8.585816,0.18131444,89.27298114697139
0,1,569450,957,4.768129745669,0.133690838353879,26.0,2.0,14.1570217471434,6.27185145595282,0.0,8.728486,0.14266971,89.27298114697139
0,1,569450,957,4.90180710160953,0.133677355940533,28.0,2.0,14.3208420362862,6.97133132653479,0.0,8.849992,0.12150544,89.27298114697139
0,1,569450,957,5.03548445755007,0.133677355940534,30.0,2.0,14.484662325429,7.67081119711676,0.0,8.962011,0.11201969,89.27298114697139
0,1,569450,957,5.1691618134906,0.133677355940534,32.0,2.0,14.6484826145718,8.37029106769873,0.0,9.067662,0.10565114,89.27298114697139
0,1,569450,957,5.30283916943113,0.133677355940533,34.0,2.0,14.8123029037146,9.06977093828071,0.0,9.170607,0.102944344,89.27298114697139
0,1,569450,957,5.43651652537167,0.133677355940534,36.0,2.0,14.9761231928574,9.76925080886268,0.0,9.273195,0.10258794,89.27298114697139
0,1,569450,957,5.5701938813122,0.133677355940534,38.0,2.0,15.1399434820002,10.4687306794447,0.0,9.375621,0.1024259,89.27298114697139
0,1,569450,957,5.70387123725273,0.133677355940534,40.0,2.0,15.3037637711431,11.1682105500266,0.0,9.477751,0.10212946,89.27298114697139
0,1,569450,957,5.83754859319327,0.133677355940533,42.0,2.0,15.4675840602859,11.8676904206086,0.0,9.578967,0.10121697,89.27298114697139
0,1,569450,957,5.9712259491338,0.133677355940534,44.0,2.0,15.6314043494287,12.5671702911906,0.0,9.678688,0.09972057,89.27298114697139
0,1,569450,957,6.10490330507433,0.133677355940534,46.0,2.0,15.7952246385715,13.2666501617725,0.0,9.777043,0.09835538,89.27298114697139
0,1,569450,957,6.23858066101487,0.133677355940533,48.0,2.0,15.9590449277143,13.9661300323545,0.0,9.874039,0.096995264,89.27298114697139
0,1,569450,957,6.32341123033897,0.0848305693241063,50.0,2.0,16.0297518694091,14.5644583573001,0.0013636174306285,9.969349,0.09531,89.27298114697139
0,1,569450,957,6.3919595374576,0.0685483071186308,52.0,2.0,16.0694210286213,15.1290695003669,0.0031817740047999,10.062468,0.093119025,89.27298114697139
0,1,569450,957,6.46050784457623,0.0685483071186308,54.0,2.0,16.1090901878335,15.6936806434338,0.0049999305789713,10.153274,0.09080586,89.27298114697139
0,1,569450,957,6.52905615169487,0.0685483071186308,56.0,2.0,16.1487593470456,16.2582917865006,0.0068180871531427,10.241573,0.08830002,89.27298114697139
0,1,569450,957,6.5976044588135,0.0685483071186299,58.0,2.0,16.1884285062578,16.8229029295674,0.0086362437273142,10.327279,0.08570567,89.27298114697139
0,1,569450,957,6.66615276593213,0.0685483071186308,60.0,2.0,16.22809766547,17.3875140726342,0.0104544003014856,10.410431,0.0831517,89.27298114697139
0,1,569450,957,6.73470107305076,0.0685483071186308,62.0,2.0,16.2677668246822,17.9521252157011,0.012272556875657,10.4908,0.08036938,89.27298114697139
0,1,569450,957,6.80324938016939,0.0685483071186308,64.0,2.0,16.3074359838943,18.5167363587679,0.0140907134498284,10.568189,0.077388704,89.27298114697139
0,1,569450,957,6.87179768728802,0.0685483071186299,66.0,2.0,16.3471051431065,19.0813475018347,0.0159088700239998,10.642842,0.074653655,89.27298114697139
0,1,569450,957,6.94034599440665,0.0685483071186308,68.0,2.0,16.3867743023187,19.6459586449015,0.0177270265981712,10.714996,0.07215381,89.27298114697139
0,1,569450,957,7.00889430152528,0.0685483071186308,70.0,2.0,16.4264434615308,20.2105697879683,0.0195451831723427,10.784806,0.069809645,89.27298114697139
0,1,569450,957,7.07744260864391,0.0685483071186308,72.0,2.0,16.466112620743,20.7751809310352,0.0213633397465141,10.852472,0.06766608,89.27298114697139
0,1,569450,957,7.14599091576254,0.0685483071186308,74.0,2.0,16.5057817799552,21.339792074102,0.0231814963206855,10.918368,0.06589675,89.27298114697139
0,1,569450,957,7.21453922288117,0.0685483071186308,76.0,2.0,16.5454509391673,21.9044032171688,0.0249996528948569,10.982796,0.06442672,89.27298114697139
0,1,569450,957,7.2830875299998,0.0685483071186299,78.0,2.0,16.5851200983795,22.4690143602356,0.0268178094690283,11.046094,0.063298166,89.27298114697139
0,1,569450,957,7.35163583711843,0.0685483071186308,80.0,2.0,16.6247892575917,23.0336255033025,0.0286359660431997,11.108614,0.062520415,89.27298114697139
0,1,569450,957,7.42018414423706,0.0685483071186308,82.0,2.0,16.6644584168039,23.5982366463693,0.0304541226173711,11.170502,0.06188807,89.27298114697139
0,1,569450,957,7.48873245135569,0.0685483071186299,84.0,2.0,16.704127576016,24.1628477894361,0.0322722791915425,11.231789,0.061286062,89.27298114697139
0,1,569450,957,7.55728075847432,0.0685483071186308,86.0,2.0,16.7437967352282,24.7274589325029,0.0340904357657139,11.292366,0.060577482,89.27298114697139
0,1,569450,957,7.62582906559295,0.0685483071186308,88.0,2.0,16.7834658944404,25.2920700755697,0.0359085923398854,11.352254,0.059887886,89.27298114697139
0,1,569450,957,7.69437737271159,0.0685483071186308,90.0,2.0,16.8231350536525,25.8566812186366,0.0377267489140568,11.411681,0.05942762,89.27298114697139
0,1,569450,957,7.76292567983022,0.0685483071186308,92.0,2.0,16.8628042128647,26.4212923617034,0.0395449054882282,11.471193,0.05951184,89.27298114697139
0,1,569450,957,7.83147398694885,0.0685483071186308,94.0,2.0,16.9024733720769,26.9859035047702,0.0413630620623996,11.531356,0.060162604,89.27298114697139
0,1,569450,957,7.90002229406748,0.0685483071186308,96.0,2.0,16.9421425312891,27.550514647837,0.043181218636571,11.592659,0.061303467,89.27298114697139
0,1,569450,957,7.96857060118611,0.0685483071186299,98.0,2.0,16.9818116905012,28.1151257909039,0.0449993752107424,11.655178,0.06251854,89.27298114697139
0,1,569450,957,8.01305105477066,0.0444804535845522,100.0,2.0,16.9184891297336,28.2129112315334,0.0453640330301271,11.717844,0.062666416,89.27298114697139
0,1,569450,957,8.03715272563061,0.0241016708599453,102.0,2.0,16.7679612068039,27.9154250478464,0.0444979813775455,11.77825,0.06040576,89.27298114697139
0,1,569450,957,8.06125439649055,0.0241016708599435,104.0,2.0,16.6174332838742,27.6179388641593,0.043631929724964,11.83405,0.05580014,89.27298114697139
0,1,569450,957,8.08535606735049,0.0241016708599453,106.0,2.0,16.4669053609445,27.3204526804722,0.0427658780723824,11.884004,0.049953938,89.27298114697139
0,1,569450,957,8.10945773821044,0.0241016708599435,108.0,2.0,16.3163774380148,27.0229664967852,0.0418998264198009,11.927622,0.043617576,89.27298114697139
0,1,569450,957,8.13355940907038,0.0241016708599453,110.0,2.0,16.165849515085,26.7254803130981,0.0410337747672193,11.965488,0.03786716,89.27298114697139
0,1,569450,957,8.15766107993033,0.0241016708599435,112.0,2.0,16.0153215921553,26.427994129411,0.0401677231146378,12.000991,0.035502523,89.27298114697139
0,1,569450,957,8.18176275079027,0.0241016708599453,114.0,2.0,15.8647936692256,26.1305079457239,0.0393016714620562,12.041228,0.04023701,89.27298114697139
0,1,569450,957,8.20586442165022,0.0241016708599435,116.0,2.0,15.7142657462959,25.8330217620369,0.0384356198094747,12.084191,0.042963088,89.27298114697139
0,1,569450,957,8.22996609251016,0.0241016708599453,118.0,2.0,15.5637378233662,25.5355355783498,0.0375695681568931,12.114403,0.030211687,89.27298114697139
0,1,569450,957,8.25406776337011,0.0241016708599453,120.0,2.0,15.4132099004365,25.2380493946627,0.0367035165043115,12.128951,0.014547795,89.27298114697139
0,1,569450,957,8.27816943423005,0.0241016708599435,122.0,2.0,15.2626819775068,24.9405632109756,0.03583746485173,12.139259,0.010309011,89.27298114697139
0,1,569450,957,8.30227110508999,0.0241016708599453,124.0,2.0,15.1121540545771,24.6430770272886,0.0349714131991484,12.164666,0.02540645,89.27298114697139
0,1,569450,957,8.32637277594994,0.0241016708599435,126.0,2.0,14.9616261316474,24.3455908436015,0.0341053615465669,12.187677,0.023011655,89.27298114697139
0,1,569450,957,8.35047444680988,0.0241016708599453,128.0,2.0,14.8110982087177,24.0481046599144,0.0332393098939853,12.207979,0.02030176,89.27298114697139
0,1,569450,957,8.37457611766983,0.0241016708599435,130.0,2.0,14.660570285788,23.7506184762273,0.0323732582414038,12.223108,0.015129149,89.27298114697139
0,1,569450,957,8.39867778852977,0.0241016708599453,132.0,2.0,14.5100423628583,23.4531322925403,0.0315072065888222,12.256355,0.033246428,89.27298114697139
0,1,569450,957,8.42277945938972,0.0241016708599435,134.0,2.0,14.3595144399286,23.1556461088532,0.0306411549362407,12.270466,0.014110625,89.27298114697139
0,1,569450,957,8.44688113024966,0.0241016708599453,136.0,2.0,14.2089865169989,22.8581599251661,0.0297751032836591,12.2975445,0.027079046,89.27298114697139
0,1,569450,957,8.47098280110961,0.0241016708599453,138.0,2.0,14.0584585940692,22.560673741479,0.0289090516310776,12.31187,0.014324814,89.27298114697139
0,1,569450,957,8.49508447196955,0.0241016708599435,140.0,2.0,13.9079306711395,22.263187557792,0.028042999978496,12.340258,0.028388321,89.27298114697139
0,1,569450,957,8.5191861428295,0.0241016708599453,142.0,2.0,13.7574027482098,21.9657013741049,0.0271769483259145,12.361462,0.02120325,89.27298114697139
0,1,569450,957,8.54328781368944,0.0241016708599435,144.0,2.0,13.6068748252801,21.6682151904178,0.0263108966733329,12.378769,0.017307222,89.27298114697139
0,1,569450,957,8.5604,0.0171121863105608,146.0,2.0,13.5,21.457,0.025696,12.379252,0.00048407912,89.27298114697139
0,1,569450,958,2.9056087,2.9056087,2.0,2.0,10.0,5.1014,0.0,1.6892037,1.6892037,89.27298114697139
0,1,569450,958,4.1855999,1.2799912,4.0,2.0,10.0,5.1014,0.0,2.7522495,1.0630457,89.27298114697139
0,1,569450,958,5.1795999,0.994,6.0,2.0,10.0,5.1014,0.0,3.3056726,0.55342305,89.27298114697139
0,1,569450,958,5.35517123618727,0.175571336187271,8.0,2.0,9.92546042434041,5.13182279537992,0.0508764549409157,3.602595,0.29692256,89.27298114697139
0,1,569450,958,5.49517356955949,0.140002333372222,10.0,2.0,9.84768135024473,5.16356776890726,0.103964006400107,3.8668842,0.2642891,89.27298114697139
0,1,569450,958,5.63517590293172,0.140002333372223,12.0,2.0,9.76990227614905,5.1953127424346,0.157051557859298,4.0805845,0.21370047,89.27298114697139
0,1,569450,958,5.77517823630394,0.140002333372223,14.0,2.0,9.69212320205337,5.22705771596193,0.210139109318489,4.293441,0.21285611,89.27298114697139
0,1,569450,958,5.91518056967616,0.140002333372223,16.0,2.0,9.61434412795769,5.25880268948927,0.26322666077768,4.504164,0.21072325,89.27298114697139
0,1,569450,958,6.05518290304838,0.140002333372222,18.0,2.0,9.53656505386201,5.29054766301661,0.316314212236871,4.7131476,0.20898342,89.27298114697139
0,1,569450,958,6.19518523642061,0.140002333372223,20.0,2.0,9.45878597976633,5.32229263654394,0.369401763696062,4.9079924,0.19484508,89.27298114697139
0,1,569450,958,6.33518756979283,0.140002333372223,22.0,2.0,9.38100690567065,5.35403761007128,0.422489315155253,5.082923,0.1749304,89.27298114697139
0,1,569450,958,6.47518990316505,0.140002333372222,24.0,2.0,9.30322783157497,5.38578258359862,0.475576866614444,5.232174,0.14925107,89.27298114697139
0,1,569450,958,6.46950476190476,-0.0056851412602902,26.0,2.0,9.28011204481793,5.3871,0.462163314659197,5.353723,0.12154913,89.27298114697139
0,1,569450,958,6.45751181657848,-0.0119929453262788,28.0,2.0,9.25936300446104,5.3871,0.445870476536294,5.451637,0.09791359,89.27298114697139
0,1,569450,958,6.4455188712522,-0.0119929453262788,30.0,2.0,9.23861396410416,5.3871,0.42957763841339,5.5354276,0.08379078,89.27298114697139
0,1,569450,958,6.43352592592593,-0.0119929453262788,32.0,2.0,9.21786492374728,5.3871,0.413284800290487,5.6075363,0.072108746,89.27298114697139
0,1,569450,958,6.42153298059965,-0.0119929453262788,34.0,2.0,9.19711588339039,5.3871,0.396991962167583,5.6756105,0.06807411,89.27298114697139
0,1,569450,958,6.40954003527337,-0.0119929453262779,36.0,2.0,9.17636684303351,5.3871,0.38069912404468,5.7432413,0.06763092,89.27298114697139
0,1,569450,958,6.39754708994709,-0.0119929453262788,38.0,2.0,9.15561780267663,5.3871,0.364406285921776,5.811659,0.06841782,89.27298114697139
0,1,569450,958,6.38555414462081,-0.0119929453262788,40.0,2.0,9.13486876231974,5.3871,0.348113447798873,5.881324,0.06966466,89.27298114697139
0,1,569450,958,6.37356119929453,-0.0119929453262788,42.0,2.0,9.11411972196286,5.3871,0.331820609675969,5.950797,0.069473475,89.27298114697139
0,1,569450,958,6.36156825396825,-0.0119929453262788,44.0,2.0,9.09337068160598,5.3871,0.315527771553066,6.018873,0.068076134,89.27298114697139
0,1,569450,958,6.34957530864197,-0.0119929453262788,46.0,2.0,9.07262164124909,5.3871,0.299234933430162,6.084759,0.06588575,89.27298114697139
0,1,569450,958,6.3375823633157,-0.0119929453262779,48.0,2.0,9.05187260089221,5.3871,0.282942095307259,6.1478877,0.06312856,89.27298114697139
0,1,569450,958,6.32558941798942,-0.0119929453262788,50.0,2.0,9.03112356053533,5.3871,0.266649257184355,6.207851,0.059963048,89.27298114697139
0,1,569450,958,6.31359647266314,-0.0119929453262788,52.0,2.0,9.01037452017844,5.3871,0.250356419061452,6.2644863,0.0566355,89.27298114697139
0,1,569450,958,6.29558527607362,-0.0180111965895202,54.0,2.0,9.03435582822086,5.32801042944785,0.237348846625767,6.3180785,0.053592175,89.27298114697139
0,1,569450,958,6.27155582822086,-0.0240294478527607,56.0,2.0,9.10306748466258,5.20983128834356,0.227626539877301,6.3688545,0.050776243,89.27298114697139
0,1,569450,958,6.2475263803681,-0.0240294478527607,58.0,2.0,9.1717791411043,5.09165214723926,0.217904233128834,6.4172573,0.048402518,89.27298114697139
0,1,569450,958,6.22349693251534,-0.0240294478527607,60.0,2.0,9.24049079754601,4.97347300613497,0.208181926380368,6.463505,0.04624775,89.27298114697139
0,1,569450,958,6.19946748466258,-0.0240294478527607,62.0,2.0,9.30920245398773,4.85529386503068,0.198459619631902,6.5079055,0.044400454,89.27298114697139
0,1,569450,958,6.17543803680982,-0.0240294478527607,64.0,2.0,9.37791411042945,4.73711472392638,0.188737312883436,6.550681,0.04277557,89.27298114697139
0,1,569450,958,6.15140858895705,-0.0240294478527607,66.0,2.0,9.44662576687116,4.61893558282209,0.179015006134969,6.59165,0.040969223,89.27298114697139
0,1,569450,958,6.12737914110429,-0.0240294478527607,68.0,2.0,9.51533742331288,4.50075644171779,0.169292699386503,6.6307797,0.039129496,89.27298114697139
0,1,569450,958,6.10334969325153,-0.0240294478527607,70.0,2.0,9.5840490797546,4.3825773006135,0.159570392638037,6.668144,0.037364423,89.27298114697139
0,1,569450,958,6.07932024539877,-0.0240294478527607,72.0,2.0,9.65276073619632,4.2643981595092,0.149848085889571,6.703984,0.035839826,89.27298114697139
0,1,569450,958,6.05529079754601,-0.0240294478527607,74.0,2.0,9.72147239263804,4.14621901840491,0.140125779141104,6.738547,0.034563094,89.27298114697139
0,1,569450,958,6.03126134969325,-0.0240294478527607,76.0,2.0,9.79018404907976,4.02803987730061,0.130403472392638,6.7718983,0.033351064,89.27298114697139
0,1,569450,958,6.00723190184049,-0.0240294478527607,78.0,2.0,9.85889570552147,3.90986073619632,0.120681165644172,6.8039064,0.03200817,89.27298114697139
0,1,569450,958,5.98320245398773,-0.0240294478527607,80.0,2.0,9.92760736196319,3.79168159509203,0.110958858895706,6.8344245,0.030518234,89.27298114697139
0,1,569450,958,5.95917300613497,-0.0240294478527607,82.0,2.0,9.99631901840491,3.67350245398773,0.101236552147239,6.8633413,0.028916806,89.27298114697139
0,1,569450,958,5.93514355828221,-0.0240294478527607,84.0,2.0,10.0650306748466,3.55532331288344,0.091514245398773,6.8906636,0.027322233,89.27298114697139
0,1,569450,958,5.91111411042945,-0.0240294478527607,86.0,2.0,10.1337423312883,3.43714417177914,0.0817919386503067,6.9164605,0.025797099,89.27298114697139
0,1,569450,958,5.88708466257669,-0.0240294478527607,88.0,2.0,10.2024539877301,3.31896503067485,0.0720696319018405,6.9415755,0.025114924,89.27298114697139
0,1,569450,958,5.86305521472393,-0.0240294478527607,90.0,2.0,10.2711656441718,3.20078588957055,0.0623473251533742,6.9663405,0.024765074,89.27298114697139
0,1,569450,958,5.83902576687117,-0.0240294478527607,92.0,2.0,10.3398773006135,3.08260674846626,0.052625018404908,6.99084,0.024499506,89.27298114697139
0,1,569450,958,5.8200018957346,-0.019023871136568,94.0,2.0,10.3947867298578,2.97513838862559,0.0439089099526066,7.0152345,0.024394542,89.27298114697139
0,1,569450,958,5.83601706161137,0.0160151658767766,96.0,2.0,10.3530805687204,2.94264549763033,0.0422361895734597,7.0397053,0.024470687,89.27298114697139
0,1,569450,958,5.85203222748815,0.0160151658767775,98.0,2.0,10.3113744075829,2.91015260663507,0.0405634691943128,7.064526,0.024820864,89.27298114697139
0,1,569450,958,5.86804739336493,0.0160151658767775,100.0,2.0,10.2696682464455,2.87765971563981,0.0388907488151659,7.0899,0.025373757,89.27298114697139
0,1,569450,958,5.88406255924171,0.0160151658767766,102.0,2.0,10.2279620853081,2.84516682464455,0.037218028436019,7.115867,0.0259673,89.27298114697139
0,1,569450,958,5.90007772511848,0.0160151658767775,104.0,2.0,10.1862559241706,2.81267393364929,0.035545308056872,7.1422772,0.026410192,89.27298114697139
0,1,569450,958,5.91609289099526,0.0160151658767775,106.0,2.0,10.1445497630332,2.78018104265403,0.0338725876777251,7.1688128,0.026535273,89.27298114697139
0,1,569450,958,5.93210805687204,0.0160151658767766,108.0,2.0,10.1028436018957,2.74768815165877,0.0321998672985782,7.194127,0.025314331,89.27298114697139
0,1,569450,958,5.94812322274881,0.0160151658767775,110.0,2.0,10.0611374407583,2.71519526066351,0.0305271469194313,7.2195463,0.025419384,89.27298114697139
0,1,569450,958,5.96413838862559,0.0160151658767775,112.0,2.0,10.0194312796209,2.68270236966825,0.0288544265402844,7.2457213,0.026175082,89.27298114697139
0,1,569450,958,5.98015355450237,0.0160151658767775,114.0,2.0,9.97772511848341,2.65020947867299,0.0271817061611374,7.273018,0.027296364,89.27298114697139
0,1,569450,958,5.99616872037915,0.0160151658767766,116.0,2.0,9.93601895734597,2.61771658767772,0.0255089857819905,7.3012233,0.028205454,89.27298114697139
0,1,569450,958,6.01218388625592,0.0160151658767775,118.0,2.0,9.89431279620853,2.58522369668246,0.0238362654028436,7.327244,0.026020288,89.27298114697139
0,1,569450,958,6.0281990521327,0.0160151658767775,120.0,2.0,9.85260663507109,2.5527308056872,0.0221635450236967,7.3435206,0.016277045,89.27298114697139
0,1,569450,958,6.04421421800948,0.0160151658767766,122.0,2.0,9.81090047393365,2.52023791469194,0.0204908246445498,7.352523,0.009002,89.27298114697139
0,1,569450,958,6.06022938388626,0.0160151658767775,124.0,2.0,9.76919431279621,2.48774502369668,0.0188181042654028,7.353898,0.0013755858,89.27298114697139
0,1,569450,958,6.07624454976303,0.0160151658767775,126.0,2.0,9.72748815165877,2.45525213270142,0.0171453838862559,7.3633823,0.009483933,89.27298114697139
0,1,569450,958,6.09225971563981,0.0160151658767775,128.0,2.0,9.68578199052133,2.42275924170616,0.015472663507109,7.3773646,0.013982266,89.27298114697139
0,1,569450,958,6.10827488151659,0.0160151658767766,130.0,2.0,9.64407582938389,2.3902663507109,0.0137999431279621,7.3925223,0.015157998,89.27298114697139
0,1,569450,958,6.12429004739337,0.0160151658767775,132.0,2.0,9.60236966824645,2.35777345971564,0.0121272227488152,7.4028487,0.010326177,89.27298114697139
0,1,569450,958,6.14030521327014,0.0160151658767775,134.0,2.0,9.56066350710901,2.32528056872038,0.0104545023696682,7.4281287,0.02527994,89.27298114697139
0,1,569450,958,6.15632037914692,0.0160151658767766,136.0,2.0,9.51895734597156,2.29278767772512,0.0087817819905213,7.4498987,0.021770298,89.27298114697139
0,1,569450,958,6.1723355450237,0.0160151658767775,138.0,2.0,9.47725118483412,2.26029478672986,0.0071090616113744,7.4739027,0.024003625,89.27298114697139
0,1,569450,958,6.18835071090047,0.0160151658767775,140.0,2.0,9.43554502369668,2.2278018957346,0.0054363412322274,7.490689,0.016786247,89.27298114697139
0,1,569450,958,6.20436587677725,0.0160151658767766,142.0,2.0,9.39383886255924,2.19530900473934,0.0037636208530805,7.5117846,0.021095961,89.27298114697139
0,1,569450,958,6.22038104265403,0.0160151658767775,144.0,2.0,9.3521327014218,2.16281611374408,0.0020909004739336,7.529388,0.017603278,89.27298114697139
0,1,569450,958,6.23639620853081,0.0160151658767775,146.0,2.0,9.31042654028436,2.13032322274882,0.0004181800947867,7.5439863,0.014598221,89.27298114697139
0,1,569450,958,6.2404,0.0040037914691941,148.0,2.0,9.3,2.1222,0.0,7.540537,-0.0034495592,89.27298114697139
0,1,569450,965,2.509,2.509,2.0,2.0,10.0,9.6927,0.0,2.0508575,2.0508575,89.27298114697139
0,1,569450,965,4.61864553700632,2.10964553700632,4.0,2.0,10.0,9.6927,0.0,3.5141747,1.4633172,89.27298114697139
0,1,569450,965,6.26401588266426,1.64537034565795,6.0,2.0,9.97379438997679,9.69938505111692,0.0,4.3863726,0.87219775,89.27298114697139
0,1,569450,965,6.85448838013593,0.590472497471665,8.0,2.0,9.6593899505861,9.77958962360549,0.0,4.7089458,0.32257333,89.27298114697139
0,1,569450,965,7.44496087760759,0.590472497471664,10.0,2.0,9.34498551119542,9.85979419609405,0.0,4.9911957,0.28224975,89.27298114697139
0,1,569450,965,8.03543337507926,0.590472497471664,12.0,2.0,9.03058107180473,9.93999876858261,0.0,5.2223444,0.2311491,89.27298114697139
0,1,569450,965,8.62590587255092,0.590472497471664,14.0,2.0,8.71617663241405,10.0202033410712,0.0,5.45739,0.23504502,89.27298114697139
0,1,569450,965,9.21637837002258,0.590472497471664,16.0,2.0,8.40177219302337,10.1004079135597,0.0,5.6958146,0.2384248,89.27298114697139
0,1,569450,965,9.80685086749425,0.590472497471666,18.0,2.0,8.08736775363268,10.1806124860483,0.0,5.9370775,0.24126312,89.27298114697139
0,1,569450,965,10.3973233649659,0.590472497471664,20.0,2.0,7.772963314242,10.2608170585369,0.0,6.1707816,0.23370384,89.27298114697139
0,1,569450,965,10.9877958624376,0.590472497471662,22.0,2.0,7.45855887485131,10.3410216310254,0.0,6.3914895,0.2207081,89.27298114697139
0,1,569450,965,11.5782683599092,0.590472497471666,24.0,2.0,7.14415443546063,10.421226203514,0.0,6.594063,0.20257306,89.27298114697139
0,1,569450,965,11.922644,0.344375640090758,26.0,2.0,7.04420408163265,10.2212164163265,0.0,6.776616,0.18255359,89.27298114697139
0,1,569450,965,12.058644,0.136000000000001,28.0,2.0,7.12583673469388,9.78394294693878,0.0,6.9387136,0.16209733,89.27298114697139
0,1,569450,965,12.194644,0.135999999999999,30.0,2.0,7.2074693877551,9.34666947755102,0.0,7.080644,0.14193049,89.27298114697139
0,1,569450,965,12.330644,0.135999999999999,32.0,2.0,7.28910204081633,8.90939600816327,0.0,7.2039733,0.12332949,89.27298114697139
0,1,569450,965,12.466644,0.136000000000001,34.0,2.0,7.37073469387755,8.47212253877551,0.0,7.312832,0.10885823,89.27298114697139
0,1,569450,965,12.602644,0.135999999999999,36.0,2.0,7.45236734693878,8.03484906938776,0.0,7.4103403,0.09750849,89.27298114697139
0,1,569450,965,12.738644,0.136000000000001,38.0,2.0,7.534,7.5975756,0.0,7.498818,0.08847755,89.27298114697139
0,1,569450,965,12.874644,0.135999999999999,40.0,2.0,7.61563265306122,7.16030213061225,0.0,7.5811567,0.08233893,89.27298114697139
0,1,569450,965,13.010644,0.136000000000001,42.0,2.0,7.69726530612245,6.72302866122449,0.0,7.658375,0.077218026,89.27298114697139
0,1,569450,965,13.146644,0.135999999999999,44.0,2.0,7.77889795918367,6.28575519183673,0.0,7.7308216,0.07244673,89.27298114697139
0,1,569450,965,13.282644,0.136000000000001,46.0,2.0,7.8605306122449,5.84848172244898,0.0,7.7982855,0.067463994,89.27298114697139
0,1,569450,965,13.418644,0.135999999999999,48.0,2.0,7.94216326530612,5.41120825306122,0.0,7.86084,0.06255421,89.27298114697139
0,1,569450,965,13.5418513142857,0.123207314285715,50.0,2.0,7.94003428571429,5.08780510628571,0.0010344218971428,7.9189243,0.058084697,89.27298114697139
0,1,569450,965,13.6339656,0.0921142857142847,52.0,2.0,7.73432,5.041167392,0.00458303904,7.973508,0.05458361,89.27298114697139
0,1,569450,965,13.7260798857143,0.0921142857142865,54.0,2.0,7.52860571428571,4.99452967771429,0.0081316561828571,8.025816,0.052307725,89.27298114697139
0,1,569450,965,13.8181941714286,0.0921142857142847,56.0,2.0,7.32289142857143,4.94789196342857,0.0116802733257143,8.076714,0.050898194,89.27298114697139
0,1,569450,965,13.9103084571429,0.0921142857142865,58.0,2.0,7.11717714285714,4.90125424914286,0.0152288904685714,8.126412,0.049698263,89.27298114697139
0,1,569450,965,14.0024227428571,0.0921142857142847,60.0,2.0,6.91146285714286,4.85461653485714,0.0187775076114286,8.175005,0.048592895,89.27298114697139
0,1,569450,965,14.0945370285714,0.0921142857142865,62.0,2.0,6.70574857142857,4.80797882057143,0.0223261247542857,8.222419,0.047414005,89.27298114697139
0,1,569450,965,14.1866513142857,0.0921142857142865,64.0,2.0,6.50003428571429,4.76134110628571,0.0258747418971429,8.268705,0.046285868,89.27298114697139
0,1,569450,965,14.2787656,0.0921142857142847,66.0,2.0,6.29432,4.714703392,0.02942335904,8.3141,0.045395553,89.27298114697139
0,1,569450,965,14.3708798857143,0.0921142857142865,68.0,2.0,6.08860571428571,4.66806567771429,0.0329719761828571,8.358733,0.044632435,89.27298114697139
0,1,569450,965,14.4629941714286,0.0921142857142847,70.0,2.0,5.88289142857143,4.62142796342857,0.0365205933257143,8.4024935,0.04376021,89.27298114697139
0,1,569450,965,14.5551084571429,0.0921142857142865,72.0,2.0,5.67717714285714,4.57479024914286,0.0400692104685714,8.445242,0.042749047,89.27298114697139
0,1,569450,965,14.6472227428571,0.0921142857142847,74.0,2.0,5.47146285714286,4.52815253485714,0.0436178276114286,8.486835,0.04159224,89.27298114697139
0,1,569450,965,14.7393370285714,0.0921142857142865,76.0,2.0,5.26574857142857,4.48151482057143,0.0471664447542857,8.527207,0.040373385,89.27298114697139
0,1,569450,965,14.8314513142857,0.0921142857142847,78.0,2.0,5.06003428571429,4.43487710628571,0.0507150618971429,8.566466,0.03925845,89.27298114697139
0,1,569450,965,14.9235656,0.0921142857142865,80.0,2.0,4.85432,4.388239392,0.05426367904,8.604571,0.03810534,89.27298114697139
0,1,569450,965,15.0156798857143,0.0921142857142847,82.0,2.0,4.64860571428571,4.34160167771429,0.0578122961828571,8.641702,0.037130564,89.27298114697139
0,1,569450,965,15.1077941714286,0.0921142857142865,84.0,2.0,4.44289142857143,4.29496396342857,0.0613609133257143,8.677984,0.03628221,89.27298114697139
0,1,569450,965,15.1999084571429,0.0921142857142865,86.0,2.0,4.23717714285714,4.24832624914286,0.0649095304685714,8.713542,0.03555748,89.27298114697139
0,1,569450,965,15.2920227428571,0.0921142857142847,88.0,2.0,4.03146285714286,4.20168853485714,0.0684581476114286,8.748423,0.034880638,89.27298114697139
0,1,569450,965,15.3841370285714,0.0921142857142847,90.0,2.0,3.82574857142857,4.15505082057143,0.0720067647542857,8.78259,0.03416702,89.27298114697139
0,1,569450,965,15.4762513142857,0.0921142857142865,92.0,2.0,3.62003428571429,4.10841310628571,0.0755553818971429,8.815953,0.033363402,89.27298114697139
0,1,569450,965,15.5449394319208,0.0686881176351015,94.0,2.0,3.59212393784675,4.09294887287339,0.076434131200118,8.848584,0.032631636,89.27298114697139
0,1,569450,965,15.5808084161245,0.0358689842036384,96.0,2.0,3.81330986304905,4.12115745120086,0.0735725014284924,8.880678,0.032093227,89.27298114697139
0,1,569450,965,15.6166774003281,0.0358689842036384,98.0,2.0,4.03449578825134,4.14936602952832,0.0707108716568669,8.912897,0.032219052,89.27298114697139
0,1,569450,965,15.6525463845317,0.0358689842036384,100.0,2.0,4.25568171345363,4.17757460785579,0.0678492418852414,8.9455185,0.03262198,89.27298114697139
0,1,569450,965,15.6884153687354,0.0358689842036384,102.0,2.0,4.47686763865593,4.20578318618325,0.0649876121136158,8.978432,0.032913238,89.27298114697139
0,1,569450,965,15.724284352939,0.0358689842036384,104.0,2.0,4.69805356385822,4.23399176451072,0.0621259823419903,9.011308,0.032875568,89.27298114697139
0,1,569450,965,15.7601533371426,0.0358689842036384,106.0,2.0,4.91923948906051,4.26220034283818,0.0592643525703648,9.044174,0.032866746,89.27298114697139
0,1,569450,965,15.7960223213463,0.0358689842036402,108.0,2.0,5.14042541426281,4.29040892116565,0.0564027227987392,9.076946,0.032771587,89.27298114697139
0,1,569450,965,15.8318913055499,0.0358689842036384,110.0,2.0,5.3616113394651,4.31861749949312,0.0535410930271137,9.108657,0.031710565,89.27298114697139
0,1,569450,965,15.8677602897536,0.0358689842036384,112.0,2.0,5.58279726466739,4.34682607782058,0.0506794632554882,9.139968,0.031311184,89.27298114697139
0,1,569450,965,15.9036292739572,0.0358689842036384,114.0,2.0,5.80398318986968,4.37503465614805,0.0478178334838626,9.172015,0.03204745,89.27298114697139
0,1,569450,965,15.9394982581608,0.0358689842036384,116.0,2.0,6.02516911507198,4.40324323447551,0.0449562037122371,9.203561,0.031545788,89.27298114697139
0,1,569450,965,15.9753672423645,0.0358689842036384,118.0,2.0,6.24635504027427,4.43145181280298,0.0420945739406116,9.233827,0.030265301,89.27298114697139
0,1,569450,965,16.0112362265681,0.0358689842036384,120.0,2.0,6.46754096547656,4.45966039113044,0.039232944168986,9.259445,0.025618643,89.27298114697139
0,1,569450,965,16.0471052107718,0.0358689842036384,122.0,2.0,6.68872689067886,4.48786896945791,0.0363713143973605,9.278002,0.018556952,89.27298114697139
0,1,569450,965,16.0829741949754,0.0358689842036384,124.0,2.0,6.90991281588115,4.51607754778538,0.033509684625735,9.288314,0.010311753,89.27298114697139
0,1,569450,965,16.118843179179,0.0358689842036384,126.0,2.0,7.13109874108344,4.54428612611284,0.0306480548541094,9.303475,0.015161753,89.27298114697139
0,1,569450,965,16.1547121633827,0.0358689842036384,128.0,2.0,7.35228466628574,4.57249470444031,0.0277864250824839,9.323282,0.01980725,89.27298114697139
0,1,569450,965,16.1905811475863,0.0358689842036384,130.0,2.0,7.57347059148803,4.60070328276777,0.0249247953108584,9.34542,0.022137016,89.27298114697139
0,1,569450,965,16.2264501317899,0.0358689842036384,132.0,2.0,7.79465651669032,4.62891186109524,0.0220631655392328,9.365132,0.019712538,89.27298114697139
0,1,569450,965,16.2623191159936,0.0358689842036384,134.0,2.0,8.01584244189262,4.65712043942271,0.0192015357676073,9.400129,0.0349977,89.27298114697139
0,1,569450,965,16.2981881001972,0.0358689842036384,136.0,2.0,8.23702836709491,4.68532901775017,0.0163399059959818,9.432934,0.03280416,89.27298114697139
0,1,569450,965,16.3340570844009,0.0358689842036384,138.0,2.0,8.4582142922972,4.71353759607764,0.0134782762243562,9.466435,0.033501923,89.27298114697139
0,1,569450,965,16.3699260686045,0.0358689842036419,140.0,2.0,8.6794002174995,4.7417461744051,0.0106166464527307,9.490946,0.024510026,89.27298114697139
0,1,569450,965,16.4057950528081,0.0358689842036384,142.0,2.0,8.90058614270179,4.76995475273257,0.0077550166811051,9.5190525,0.02810663,89.27298114697139
0,1,569450,965,16.4416640370118,0.0358689842036384,144.0,2.0,9.12177206790408,4.79816333106003,0.0048933869094796,9.543526,0.024473578,89.27298114697139
0,1,569450,965,16.4775330212154,0.0358689842036384,146.0,2.0,9.34295799310637,4.8263719093875,0.0020317571378541,9.564572,0.021045774,89.27298114697139
0,1,569450,965,16.503,0.025466978784582,148.0,2.0,9.5,4.8464,0.0,9.56859,0.0040186644,89.27298114697139
0,1,569450,972,5.14,5.14,2.0,2.0,17.0,2.7548,1.1,2.4842386,2.4842386,89.27298114697139
0,1,569450,972,7.128,1.988,4.0,2.0,17.0,2.7548,0.0,3.8739548,1.3897161,89.27298114697139
0,1,569450,972,7.826,0.698,6.0,2.0,17.0,2.7548,0.0,5.0777335,1.2037786,89.27298114697139
0,1,569450,972,7.99383970365381,0.167839703653814,8.0,2.0,16.663242970197,2.87276598753999,0.0592793399562216,5.4449263,0.3671927,89.27298114697139
0,1,569450,972,8.16167940730763,0.167839703653813,10.0,2.0,16.326485940394,2.99073197507998,0.118558679912443,5.772534,0.327608,89.27298114697139
0,1,569450,972,8.32951911096144,0.167839703653813,12.0,2.0,15.989728910591,3.10869796261997,0.177838019868665,6.035463,0.26292866,89.27298114697139
0,1,569450,972,8.49735881461525,0.167839703653813,14.0,2.0,15.652971880788,3.22666395015996,0.237117359824886,6.280756,0.24529317,89.27298114697139
0,1,569450,972,8.66519851826907,0.167839703653815,16.0,2.0,15.316214850985,3.34462993769995,0.296396699781108,6.516265,0.23550883,89.27298114697139
0,1,569450,972,8.83303822192288,0.167839703653813,18.0,2.0,14.979457821182,3.46259592523994,0.355676039737329,6.743597,0.22733219,89.27298114697139
0,1,569450,972,9.0008779255767,0.167839703653813,20.0,2.0,14.642700791379,3.58056191277993,0.414955379693551,6.9506984,0.20710155,89.27298114697139
0,1,569450,972,9.16871762923051,0.167839703653815,22.0,2.0,14.305943761576,3.69852790031992,0.474234719649773,7.1271086,0.17641005,89.27298114697139
0,1,569450,972,9.32816702852815,0.159449399297639,24.0,2.0,14.0154001514769,3.80774283009341,0.524217785912648,7.264664,0.13755557,89.27298114697139
0,1,569450,972,9.40430941681394,0.0761423882857866,26.0,2.0,14.1837078178911,3.83006884204325,0.481898506269461,7.3764415,0.111777574,89.27298114697139
0,1,569450,972,9.48045180509972,0.0761423882857866,28.0,2.0,14.3520154843053,3.8523948539931,0.439579226626273,7.471604,0.09516209,89.27298114697139
0,1,569450,972,9.55659419338551,0.0761423882857866,30.0,2.0,14.5203231507195,3.87472086594294,0.397259946983085,7.558519,0.086915076,89.27298114697139
0,1,569450,972,9.6327365816713,0.0761423882857866,32.0,2.0,14.6886308171337,3.89704687789279,0.354940667339897,7.6458397,0.08732101,89.27298114697139
0,1,569450,972,9.70887896995708,0.0761423882857866,34.0,2.0,14.8569384835479,3.91937288984263,0.31262138769671,7.736328,0.090488225,89.27298114697139
0,1,569450,972,9.78502135824287,0.0761423882857866,36.0,2.0,15.0252461499621,3.94169890179248,0.270302108053522,7.829936,0.09360775,89.27298114697139
0,1,569450,972,9.86116374652866,0.0761423882857866,38.0,2.0,15.1935538163763,3.96402491374232,0.227982828410334,7.9239902,0.09405443,89.27298114697139
0,1,569450,972,9.93730613481444,0.0761423882857866,40.0,2.0,15.3618614827905,3.98635092569216,0.185663548767146,8.016843,0.09285256,89.27298114697139
0,1,569450,972,10.0134485231002,0.0761423882857866,42.0,2.0,15.5301691492047,4.00867693764201,0.143344269123958,8.108107,0.091263324,89.27298114697139
0,1,569450,972,10.089590911386,0.0761423882857866,44.0,2.0,15.698476815619,4.03100294959185,0.101024989480771,8.197634,0.08952713,89.27298114697139
0,1,569450,972,10.1657332996718,0.0761423882857866,46.0,2.0,15.8667844820332,4.0533289615417,0.0587057098375831,8.284928,0.087295026,89.27298114697139
0,1,569450,972,10.2297507936508,0.0640174939789926,48.0,2.0,15.9911746031746,4.06055426031746,0.0254726261587302,8.368768,0.083839774,89.27298114697139
0,1,569450,972,10.2477402116402,0.0179894179894191,50.0,2.0,15.9488465608466,4.01045478941799,0.026732224042328,8.44799,0.07922217,89.27298114697139
0,1,569450,972,10.2657296296296,0.0179894179894173,52.0,2.0,15.9065185185185,3.96035531851852,0.0279918219259259,8.521905,0.07391447,89.27298114697139
0,1,569450,972,10.283719047619,0.0179894179894173,54.0,2.0,15.8641904761905,3.91025584761905,0.0292514198095238,8.590262,0.06835723,89.27298114697139
0,1,569450,972,10.3017084656085,0.0179894179894191,56.0,2.0,15.8218624338624,3.86015637671958,0.0305110176931217,8.652898,0.06263599,89.27298114697139
0,1,569450,972,10.3196978835979,0.0179894179894173,58.0,2.0,15.7795343915344,3.81005690582011,0.0317706155767196,8.709688,0.056789994,89.27298114697139
0,1,569450,972,10.3376873015873,0.0179894179894173,60.0,2.0,15.7372063492063,3.75995743492063,0.0330302134603175,8.761111,0.051422924,89.27298114697139
0,1,569450,972,10.3556767195767,0.0179894179894191,62.0,2.0,15.6948783068783,3.70985796402116,0.0342898113439153,8.808019,0.04690799,89.27298114697139
0,1,569450,972,10.3736661375661,0.0179894179894173,64.0,2.0,15.6525502645503,3.65975849312169,0.0355494092275132,8.851376,0.043356508,89.27298114697139
0,1,569450,972,10.3916555555556,0.0179894179894173,66.0,2.0,15.6102222222222,3.60965902222222,0.0368090071111111,8.89155,0.040174395,89.27298114697139
0,1,569450,972,10.409644973545,0.0179894179894191,68.0,2.0,15.5678941798942,3.55955955132275,0.038068604994709,8.928896,0.037346214,89.27298114697139
0,1,569450,972,10.4276343915344,0.0179894179894173,70.0,2.0,15.5255661375661,3.50946008042328,0.0393282028783069,8.963794,0.034897923,89.27298114697139
0,1,569450,972,10.4456238095238,0.0179894179894173,72.0,2.0,15.4832380952381,3.45936060952381,0.0405878007619048,8.996132,0.032337964,89.27298114697139
0,1,569450,972,10.4636132275132,0.0179894179894191,74.0,2.0,15.4409100529101,3.40926113862434,0.0418473986455026,9.026432,0.0303002,89.27298114697139
0,1,569450,972,10.4816026455026,0.0179894179894173,76.0,2.0,15.398582010582,3.35916166772487,0.0431069965291005,9.054827,0.028394878,89.27298114697139
0,1,569450,972,10.4995920634921,0.0179894179894173,78.0,2.0,15.356253968254,3.3090621968254,0.0443665944126984,9.081363,0.02653569,89.27298114697139
0,1,569450,972,10.5175814814815,0.0179894179894191,80.0,2.0,15.3139259259259,3.25896272592593,0.0456261922962963,9.106301,0.024938941,89.27298114697139
0,1,569450,972,10.5355708994709,0.0179894179894173,82.0,2.0,15.2715978835979,3.20886325502646,0.0468857901798942,9.129606,0.023304284,89.27298114697139
0,1,569450,972,10.5535603174603,0.0179894179894173,84.0,2.0,15.2292698412698,3.15876378412698,0.0481453880634921,9.151288,0.02168256,89.27298114697139
0,1,569450,972,10.5715497354497,0.0179894179894191,86.0,2.0,15.1869417989418,3.10866431322751,0.04940498594709,9.1713915,0.020103514,89.27298114697139
0,1,569450,972,10.5895391534392,0.0179894179894173,88.0,2.0,15.1446137566138,3.05856484232804,0.0506645838306878,9.190171,0.01877907,89.27298114697139
0,1,569450,972,10.6075285714286,0.0179894179894173,90.0,2.0,15.1022857142857,3.00846537142857,0.0519241817142857,9.208451,0.018280506,89.27298114697139
0,1,569450,972,10.625517989418,0.0179894179894191,92.0,2.0,15.0599576719577,2.9583659005291,0.0531837795978836,9.226512,0.018060774,89.27298114697139
0,1,569450,972,10.6435074074074,0.0179894179894173,94.0,2.0,15.0176296296296,2.90826642962963,0.0544433774814815,9.244582,0.018070132,89.27298114697139
0,1,569450,972,10.651,0.0074925925925928,96.0,2.0,15.0234163372595,2.86900412544896,0.0556557144089733,9.262923,0.018340677,89.27298114697139
0,1,569450,972,10.651,0.0,98.0,2.0,15.0635471637538,2.83747734815499,0.0568343166522865,9.281867,0.018943727,89.27298114697139
0,1,569450,972,10.651,0.0,100.0,2.0,15.1036779902482,2.80595057086101,0.0580129188955997,9.301489,0.019621909,89.27298114697139
0,1,569450,972,10.651,0.0,102.0,2.0,15.1438088167426,2.77442379356703,0.0591915211389129,9.321521,0.02003187,89.27298114697139
0,1,569450,972,10.651,0.0,104.0,2.0,15.183939643237,2.74289701627305,0.0603701233822261,9.341019,0.019498378,89.27298114697139
0,1,569450,972,10.651,0.0,106.0,2.0,15.2240704697313,2.71137023897907,0.0615487256255393,9.360338,0.019319415,89.27298114697139
0,1,569450,972,10.651,0.0,108.0,2.0,15.2642012962257,2.67984346168509,0.0627273278688525,9.380695,0.020357102,89.27298114697139
0,1,569450,972,10.651,0.0,110.0,2.0,15.3043321227201,2.64831668439111,0.0639059301121657,9.402026,0.021330684,89.27298114697139
0,1,569450,972,10.651,0.0,112.0,2.0,15.3444629492144,2.61678990709714,0.0650845323554789,9.42537,0.02334407,89.27298114697139
0,1,569450,972,10.651,0.0,114.0,2.0,15.3845937757088,2.58526312980316,0.0662631345987921,9.4500475,0.024677008,89.27298114697139
0,1,569450,972,10.651,0.0,116.0,2.0,15.4247246022032,2.55373635250918,0.0674417368421053,9.469903,0.01985529,89.27298114697139
0,1,569450,972,10.651,0.0,118.0,2.0,15.4648554286976,2.5222095752152,0.0686203390854185,9.473761,0.0038582385,89.27298114697139
0,1,569450,972,10.651,0.0,120.0,2.0,15.5049862551919,2.49068279792122,0.0697989413287317,9.467828,-0.0059331656,89.27298114697139
0,1,569450,972,10.651,0.0,122.0,2.0,15.5451170816863,2.45915602062724,0.0709775435720449,9.457651,-0.010176361,89.27298114697139
0,1,569450,972,10.651,0.0,124.0,2.0,15.5852479081807,2.42762924333327,0.0721561458153581,9.465321,0.007669568,89.27298114697139
0,1,569450,972,10.651,0.0,126.0,2.0,15.625378734675,2.39610246603929,0.0733347480586713,9.476443,0.011122793,89.27298114697139
0,1,569450,972,10.651,0.0,128.0,2.0,15.6655095611694,2.36457568874531,0.0745133503019845,9.483274,0.006830752,89.27298114697139
0,1,569450,972,10.651,0.0,130.0,2.0,15.7056403876638,2.33304891145133,0.0756919525452977,9.483987,0.0007120669,89.27298114697139
0,1,569450,972,10.651,0.0,132.0,2.0,15.7457712141582,2.30152213415735,0.0768705547886109,9.500497,0.0165101,89.27298114697139
0,1,569450,972,10.651,0.0,134.0,2.0,15.7859020406525,2.26999535686337,0.0780491570319241,9.507308,0.0068110228,89.27298114697139
0,1,569450,972,10.651,0.0,136.0,2.0,15.8260328671469,2.2384685795694,0.0792277592752373,9.522311,0.015004098,89.27298114697139
0,1,569450,972,10.651,0.0,138.0,2.0,15.8661636936413,2.20694180227542,0.0804063615185505,9.535371,0.013059527,89.27298114697139
0,1,569450,972,10.651,0.0,140.0,2.0,15.9062945201356,2.17541502498144,0.0815849637618637,9.555555,0.02018416,89.27298114697139
0,1,569450,972,10.651,0.0,142.0,2.0,15.94642534663,2.14388824768746,0.0827635660051769,9.571205,0.015650183,89.27298114697139
0,1,569450,972,10.651,0.0,144.0,2.0,15.9865561731244,2.11236147039348,0.0839421682484901,9.588943,0.017736882,89.27298114697139
0,1,569450,972,10.651,0.0,146.0,2.0,16.0,2.1018,0.084337,9.5892725,0.0003299415,89.27298114697139
0,1,569450,982,1.93703690316984,1.93703690316984,2.0,2.0,12.6,4.18,0.0,3.8189244,3.8189244,89.27298114697139
0,1,569450,982,5.9009796,3.96394269683016,4.0,2.0,12.98540625,4.5191575,0.0,6.5684085,2.749484,89.27298114697139
0,1,569450,982,11.0648617205624,5.16388212056242,6.0,2.0,13.5960527875459,5.059398520007,2.13600582514405e-05,8.251909,1.6835005,89.27298114697139
0,1,569450,982,12.6781782708579,1.61331655029549,8.0,2.0,13.3589829704848,5.02327359550245,0.0013042464397193,8.704836,0.45292732,89.27298114697139
0,1,569450,982,14.2914948211534,1.61331655029549,10.0,2.0,13.1219131534237,4.98714867099789,0.0025871328211872,9.107082,0.40224558,89.27298114697139
0,1,569450,982,15.9048113714489,1.61331655029549,12.0,2.0,12.8848433363626,4.95102374649334,0.0038700192026551,9.4502535,0.343172,89.27298114697139
0,1,569450,982,17.5181279217444,1.61331655029549,14.0,2.0,12.6477735193014,4.91489882198879,0.0051529055841231,9.796981,0.34672707,89.27298114697139
0,1,569450,982,19.1314444720399,1.61331655029549,16.0,2.0,12.4107037022403,4.87877389748424,0.006435791965591,10.152018,0.3550362,89.27298114697139
0,1,569450,982,20.7447610223354,1.61331655029549,18.0,2.0,12.1736338851792,4.84264897297969,0.0077186783470589,10.516524,0.3645073,89.27298114697139
0,1,569450,982,22.3580775726309,1.61331655029549,20.0,2.0,11.9365640681181,4.80652404847513,0.0090015647285268,10.872956,0.35643148,89.27298114697139
0,1,569450,982,23.9713941229263,1.61331655029549,22.0,2.0,11.6994942510569,4.77039912397058,0.0102844511099948,11.213831,0.34087545,89.27298114697139
0,1,569450,982,25.3658226311178,1.39442850819144,24.0,2.0,11.5026453039596,4.72730254099387,0.0116545734134435,11.535727,0.32189542,89.27298114697139
0,1,569450,982,25.5981420703467,0.232319439228942,26.0,2.0,11.5193349188467,4.64719238953561,0.013487844160721,11.840888,0.30516112,89.27298114697139
0,1,569450,982,25.8304615095757,0.232319439228938,28.0,2.0,11.5360245337339,4.56708223807736,0.0153211149079985,12.12939,0.2885018,89.27298114697139
0,1,569450,982,26.0627809488046,0.232319439228942,30.0,2.0,11.552714148621,4.4869720866191,0.017154385655276,12.402185,0.2727959,89.27298114697139
0,1,569450,982,26.2951003880335,0.232319439228938,32.0,2.0,11.5694037635082,4.40686193516085,0.0189876564025535,12.659239,0.25705314,89.27298114697139
0,1,569450,982,26.5274198272625,0.232319439228938,34.0,2.0,11.5860933783953,4.32675178370259,0.020820927149831,12.90264,0.24340151,89.27298114697139
0,1,569450,982,26.7597392664914,0.232319439228942,36.0,2.0,11.6027829932824,4.24664163224434,0.0226541978971085,13.134878,0.23223776,89.27298114697139
0,1,569450,982,26.9920587057204,0.232319439228938,38.0,2.0,11.6194726081696,4.16653148078608,0.024487468644386,13.357582,0.22270373,89.27298114697139
0,1,569450,982,27.2243781449493,0.232319439228942,40.0,2.0,11.6361622230567,4.08642132932783,0.0263207393916635,13.571069,0.21348712,89.27298114697139
0,1,569450,982,27.4566975841782,0.232319439228938,42.0,2.0,11.6528518379438,4.00631117786957,0.028154010138941,13.775878,0.20480895,89.27298114697139
0,1,569450,982,27.6890170234072,0.232319439228942,44.0,2.0,11.669541452831,3.92620102641132,0.0299872808862186,13.970722,0.19484475,89.27298114697139
0,1,569450,982,27.9213364626361,0.232319439228938,46.0,2.0,11.6862310677181,3.84609087495306,0.0318205516334961,14.157838,0.18711507,89.27298114697139
0,1,569450,982,28.1294401019541,0.208103639317997,48.0,2.0,11.6730954403852,3.77858397054659,0.0348101594449165,14.337528,0.17969048,89.27298114697139
0,1,569450,982,28.223383541692,0.0939434397378314,50.0,2.0,11.5193550997289,3.77049237366994,0.0432510705587248,14.507912,0.17038372,89.27298114697139
0,1,569450,982,28.3173269814298,0.0939434397378314,52.0,2.0,11.3656147590727,3.7624007767933,0.0516919816725331,14.668756,0.16084403,89.27298114697139
0,1,569450,982,28.4112704211676,0.0939434397378349,54.0,2.0,11.2118744184165,3.75430917991666,0.0601328927863414,14.820576,0.15181997,89.27298114697139
0,1,569450,982,28.5052138609054,0.0939434397378314,56.0,2.0,11.0581340777602,3.74621758304001,0.0685738039001497,14.963609,0.14303318,89.27298114697139
0,1,569450,982,28.5991573006433,0.0939434397378314,58.0,2.0,10.904393737104,3.73812598616337,0.077014715013958,15.097677,0.13406816,89.27298114697139
0,1,569450,982,28.6931007403811,0.0939434397378349,60.0,2.0,10.7506533964478,3.73003438928673,0.0854556261277663,15.223021,0.12534347,89.27298114697139
0,1,569450,982,28.7870441801189,0.0939434397378314,62.0,2.0,10.5969130557916,3.72194279241008,0.0938965372415746,15.339814,0.116793215,89.27298114697139
0,1,569450,982,28.8809876198568,0.0939434397378314,64.0,2.0,10.4431727151353,3.71385119553344,0.102337448355383,15.448423,0.10860953,89.27298114697139
0,1,569450,982,28.9749310595946,0.0939434397378314,66.0,2.0,10.2894323744791,3.70575959865679,0.110778359469191,15.549209,0.10078478,89.27298114697139
0,1,569450,982,29.0688744993324,0.0939434397378349,68.0,2.0,10.1356920338229,3.69766800178015,0.119219270583,15.642335,0.09312707,89.27298114697139
0,1,569450,982,29.1628179390703,0.0939434397378314,70.0,2.0,9.98195169316665,3.68957640490351,0.127660181696808,15.728286,0.08595005,89.27298114697139
0,1,569450,982,29.2567613788081,0.0939434397378314,72.0,2.0,9.82821135251042,3.68148480802686,0.136101092810616,15.807591,0.0793058,89.27298114697139
0,1,569450,982,29.3321903886506,0.0754290098424804,74.0,2.0,9.79393534250645,3.65634783577517,0.135410321987633,15.880524,0.0729323,89.27298114697139
0,1,569450,982,29.4034584702802,0.0712680816296185,76.0,2.0,9.78650771544761,3.62738009024567,0.132667299314801,15.947269,0.066746175,89.27298114697139
0,1,569450,982,29.4747265519098,0.0712680816296221,78.0,2.0,9.77908008838876,3.59841234471617,0.12992427664197,16.00831,0.06104037,89.27298114697139
0,1,569450,982,29.5459946335395,0.0712680816296221,80.0,2.0,9.77165246132992,3.56944459918668,0.127181253969138,16.064453,0.056143075,89.27298114697139
0,1,569450,982,29.6172627151691,0.0712680816296221,82.0,2.0,9.76422483427107,3.54047685365718,0.124438231296307,16.116423,0.05196944,89.27298114697139
0,1,569450,982,29.6885307967987,0.0712680816296221,84.0,2.0,9.75679720721223,3.51150910812768,0.121695208623475,16.165012,0.04859066,89.27298114697139
0,1,569450,982,29.7597988784283,0.0712680816296221,86.0,2.0,9.74936958015338,3.48254136259818,0.118952185950643,16.210617,0.045604855,89.27298114697139
0,1,569450,982,29.8310669600579,0.0712680816296185,88.0,2.0,9.74194195309454,3.45357361706869,0.116209163277812,16.253426,0.042808145,89.27298114697139
0,1,569450,982,29.9023350416876,0.0712680816296221,90.0,2.0,9.73451432603569,3.42460587153919,0.11346614060498,16.293596,0.040169924,89.27298114697139
0,1,569450,982,29.9736031233172,0.0712680816296221,92.0,2.0,9.72708669897684,3.39563812600969,0.110723117932149,16.331493,0.03789684,89.27298114697139
0,1,569450,982,30.0448712049468,0.0712680816296221,94.0,2.0,9.719659071918,3.3666703804802,0.107980095259317,16.367565,0.036071897,89.27298114697139
0,1,569450,982,30.1161392865764,0.0712680816296221,96.0,2.0,9.71223144485915,3.3377026349507,0.105237072586485,16.402012,0.034446508,89.27298114697139
0,1,569450,982,30.187407368206,0.0712680816296185,98.0,2.0,9.70480381780031,3.3087348894212,0.102494049913654,16.435009,0.03299722,89.27298114697139
0,1,569450,982,30.2586754498357,0.0712680816296221,100.0,2.0,9.69737619074146,3.27976714389171,0.0997510272408222,16.4666,0.031592786,89.27298114697139
0,1,569450,982,30.3299435314653,0.0712680816296221,102.0,2.0,9.68994856368262,3.25079939836221,0.0970080045679906,16.496809,0.030207485,89.27298114697139
0,1,569450,982,30.4012116130949,0.0712680816296221,104.0,2.0,9.68252093662377,3.22183165283271,0.0942649818951591,16.525518,0.028710097,89.27298114697139
0,1,569450,982,30.4724796947245,0.0712680816296221,106.0,2.0,9.67509330956493,3.19286390730321,0.0915219592223274,16.55263,0.027111381,89.27298114697139
0,1,569450,982,30.5437477763541,0.0712680816296185,108.0,2.0,9.66766568250608,3.16389616177372,0.0887789365494959,16.579048,0.026417434,89.27298114697139
0,1,569450,982,30.6150158579838,0.0712680816296221,110.0,2.0,9.66023805544724,3.13492841624422,0.0860359138766643,16.60557,0.026521623,89.27298114697139
0,1,569450,982,30.6862839396134,0.0712680816296221,112.0,2.0,9.65281042838839,3.10596067071472,0.0832928912038327,16.632246,0.026675731,89.27298114697139
0,1,569450,982,30.757552021243,0.0712680816296221,114.0,2.0,9.64538280132954,3.07699292518523,0.0805498685310011,16.659239,0.02699396,89.27298114697139
0,1,569450,982,30.8288201028726,0.0712680816296221,116.0,2.0,9.6379551742707,3.04802517965573,0.0778068458581695,16.686558,0.027318299,89.27298114697139
0,1,569450,982,30.9000881845023,0.0712680816296221,118.0,2.0,9.63052754721185,3.01905743412623,0.0750638231853379,16.714106,0.027548552,89.27298114697139
0,1,569450,982,30.9713562661319,0.0712680816296185,120.0,2.0,9.62309992015301,2.99008968859674,0.0723208005125063,16.74232,0.028213352,89.27298114697139
0,1,569450,982,31.0426243477615,0.0712680816296221,122.0,2.0,9.61567229309416,2.96112194306724,0.0695777778396747,16.771833,0.029514045,89.27298114697139
0,1,569450,982,31.1138924293911,0.0712680816296221,124.0,2.0,9.60824466603532,2.93215419753774,0.0668347551668431,16.803167,0.031334996,89.27298114697139
0,1,569450,982,31.1851605110207,0.0712680816296221,126.0,2.0,9.60081703897647,2.90318645200824,0.0640917324940115,16.836094,0.032925278,89.27298114697139
0,1,569450,982,31.2143477135462,0.0291872025254172,128.0,2.0,9.67679033649698,2.94377049180328,0.0613407722174288,16.869917,0.033823192,89.27298114697139
0,1,569450,982,31.2383339085418,0.0239861949956861,130.0,2.0,9.76307161345988,2.99295081967213,0.0585888308886972,16.903559,0.033642203,89.27298114697139
0,1,569450,982,31.2623201035375,0.0239861949956861,132.0,2.0,9.84935289042278,3.04213114754098,0.0558368895599655,16.936539,0.032980323,89.27298114697139
0,1,569450,982,31.2863062985332,0.0239861949956861,134.0,2.0,9.93563416738568,3.09131147540984,0.0530849482312338,16.969551,0.033012062,89.27298114697139
0,1,569450,982,31.3102924935289,0.0239861949956861,136.0,2.0,10.0219154443486,3.14049180327869,0.0503330069025022,17.00451,0.03496018,89.27298114697139
0,1,569450,982,31.3342786885246,0.0239861949956861,138.0,2.0,10.1081967213115,3.18967213114754,0.0475810655737705,17.042555,0.038042843,89.27298114697139
0,1,569450,982,31.3582648835203,0.0239861949956861,140.0,2.0,10.1944779982744,3.23885245901639,0.0448291242450388,17.081364,0.038808495,89.27298114697139
0,1,569450,982,31.382251078516,0.0239861949956861,142.0,2.0,10.2807592752373,3.28803278688525,0.0420771829163072,17.121529,0.040166408,89.27298114697139
0,1,569450,982,31.4062372735116,0.0239861949956861,144.0,2.0,10.3670405522002,3.3372131147541,0.0393252415875755,17.157007,0.035478145,89.27298114697139
0,1,569450,982,31.4302234685073,0.0239861949956861,146.0,2.0,10.4533218291631,3.38639344262295,0.0365733002588438,17.180326,0.023318797,89.27298114697139
0,1,569450,982,31.454209663503,0.0239861949956826,148.0,2.0,10.539603106126,3.4355737704918,0.0338213589301122,17.1933,0.012974501,89.27298114697139
0,1,569450,982,31.4781958584987,0.0239861949956861,150.0,2.0,10.6258843830889,3.48475409836066,0.0310694176013805,17.20381,0.0105086565,89.27298114697139
0,1,569450,982,31.5021820534944,0.0239861949956861,152.0,2.0,10.7121656600518,3.53393442622951,0.0283174762726488,17.230299,0.026490092,89.27298114697139
0,1,569450,982,31.5261682484901,0.0239861949956861,154.0,2.0,10.7984469370147,3.58311475409836,0.0255655349439172,17.261541,0.031242102,89.27298114697139
0,1,569450,982,31.5501544434858,0.0239861949956861,156.0,2.0,10.8847282139776,3.63229508196721,0.0228135936151855,17.291168,0.029627085,89.27298114697139
0,1,569450,982,31.5741406384814,0.0239861949956861,158.0,2.0,10.9710094909405,3.68147540983607,0.0200616522864539,17.313889,0.022720337,89.27298114697139
0,1,569450,982,31.5981268334771,0.0239861949956861,160.0,2.0,11.0572907679034,3.73065573770492,0.0173097109577222,17.353191,0.039303005,89.27298114697139
0,1,569450,982,31.6221130284728,0.0239861949956861,162.0,2.0,11.1435720448663,3.77983606557377,0.0145577696289905,17.383295,0.030102283,89.27298114697139
0,1,569450,982,31.6460992234685,0.0239861949956861,164.0,2.0,11.2298533218292,3.82901639344262,0.0118058283002589,17.423101,0.03980705,89.27298114697139
0,1,569450,982,31.6700854184642,0.0239861949956861,166.0,2.0,11.3161345987921,3.87819672131148,0.0090538869715271,17.458809,0.03570673,89.27298114697139
0,1,569450,982,31.6940716134599,0.0239861949956861,168.0,2.0,11.402415875755,3.92737704918033,0.0063019456427955,17.492123,0.0333139,89.27298114697139
0,1,569450,982,31.7180578084556,0.0239861949956861,170.0,2.0,11.4886971527179,3.97655737704918,0.0035500043140638,17.521334,0.029211402,89.27298114697139
0,1,569450,982,31.7420440034512,0.0239861949956826,172.0,2.0,11.5749784296808,4.02573770491803,0.0007980629853322,17.55494,0.033605486,89.27298114697139
0,1,569450,982,31.749,0.0069559965487506,174.0,2.0,11.6,4.04,0.0,17.561583,0.0066441894,89.27298114697139
0,1,569450,984,2.19154139628917,2.19154139628917,2.0,2.0,17.7,4.04,0.0,4.313352,4.313352,89.27298114697139
0,1,569450,984,4.85707321333096,2.66553181704179,4.0,2.0,18.2544466227054,3.8958438780966,0.0,7.4045076,3.0911553,89.27298114697139
0,1,569450,984,8.0643446444484,3.20727143111745,6.0,2.0,19.4425889621577,3.58692686983901,0.0,9.464186,2.0596788,89.27298114697139
0,1,569450,984,8.8759017851536,0.811557140705192,8.0,2.0,19.0113092077846,3.31070955145661,0.0,10.174338,0.71015215,89.27298114697139
0,1,569450,984,9.02487961773622,0.148977832582622,10.0,2.0,18.1321481785953,3.0435359399887,0.0,10.623615,0.44927692,89.27298114697139
0,1,569450,984,9.17385745031884,0.14897783258262,12.0,2.0,17.252987149406,2.77636232852078,0.0,10.987759,0.3641431,89.27298114697139
0,1,569450,984,9.32283528290146,0.148977832582622,14.0,2.0,16.3738261202167,2.50918871705287,0.0,11.328431,0.3406725,89.27298114697139
0,1,569450,984,9.47181311548408,0.148977832582622,16.0,2.0,15.4946650910274,2.24201510558496,0.0,11.657922,0.32949138,89.27298114697139
0,1,569450,984,9.6207909480667,0.14897783258262,18.0,2.0,14.6155040618381,1.97484149411704,0.0,11.980129,0.32220688,89.27298114697139
0,1,569450,984,9.76976878064932,0.148977832582622,20.0,2.0,13.7363430326488,1.70766788264913,0.0,12.285865,0.30573606,89.27298114697139
0,1,569450,984,9.91874661323194,0.14897783258262,22.0,2.0,12.8571820034596,1.44049427118122,0.0,12.561419,0.27555382,89.27298114697139
0,1,569450,984,10.0711550681733,0.152408454941346,24.0,2.0,12.0085477213026,1.18089646833173,0.0,12.797328,0.23590896,89.27298114697139
0,1,569450,984,10.3573577951049,0.286202726931576,26.0,2.0,12.3504565734062,1.21675520160113,0.0,13.00089,0.20356208,89.27298114697139
0,1,569450,984,10.6435605220364,0.286202726931577,28.0,2.0,12.6923654255097,1.25261393487053,0.0,13.180729,0.17983887,89.27298114697139
0,1,569450,984,10.929763248968,0.286202726931576,30.0,2.0,13.0342742776133,1.28847266813993,0.0,13.344821,0.16409174,89.27298114697139
0,1,569450,984,11.2159659758996,0.286202726931577,32.0,2.0,13.3761831297169,1.32433140140933,0.0,13.497509,0.15268871,89.27298114697139
0,1,569450,984,11.5021687028312,0.286202726931576,34.0,2.0,13.7180919818205,1.36019013467873,0.0,13.640827,0.14331794,89.27298114697139
0,1,569450,984,11.7883714297627,0.286202726931577,36.0,2.0,14.060000833924,1.39604886794813,0.0,13.778925,0.13809788,89.27298114697139
0,1,569450,984,12.0745741566943,0.286202726931576,38.0,2.0,14.4019096860276,1.43190760121753,0.0,13.913966,0.13504127,89.27298114697139
0,1,569450,984,12.3607768836259,0.286202726931577,40.0,2.0,14.7438185381312,1.46776633448693,0.0,14.044882,0.13091555,89.27298114697139
0,1,569450,984,12.6469796105575,0.286202726931576,42.0,2.0,15.0857273902348,1.50362506775633,0.0,14.171247,0.12636429,89.27298114697139
0,1,569450,984,12.9331823374891,0.286202726931577,44.0,2.0,15.4276362423383,1.53948380102573,0.0,14.292128,0.12088099,89.27298114697139
0,1,569450,984,13.2193850644206,0.286202726931576,46.0,2.0,15.7695450944419,1.57534253429513,0.0,14.406002,0.11387503,89.27298114697139
0,1,569450,984,13.4953295315504,0.275944467129797,48.0,2.0,16.099121657053,1.61149318300996,0.0,14.512688,0.10668558,89.27298114697139
0,1,569450,984,13.4753155479811,-0.0200139835693065,50.0,2.0,16.0729024646041,1.65606581017305,0.0,14.612011,0.09932333,89.27298114697139
0,1,569450,984,13.4553015644118,-0.0200139835693047,52.0,2.0,16.0466832721552,1.70063843733613,0.0,14.703567,0.09155521,89.27298114697139
0,1,569450,984,13.4352875808425,-0.0200139835693065,54.0,2.0,16.0204640797063,1.74521106449921,0.0,14.788636,0.08507022,89.27298114697139
0,1,569450,984,13.4152735972732,-0.0200139835693065,56.0,2.0,15.9942448872575,1.7897836916623,0.0,14.867188,0.07855186,89.27298114697139
0,1,569450,984,13.3952596137039,-0.0200139835693065,58.0,2.0,15.9680256948086,1.83435631882538,0.0,14.939063,0.07187429,89.27298114697139
0,1,569450,984,13.3752456301346,-0.0200139835693065,60.0,2.0,15.9418065023597,1.87892894598846,0.0,15.004373,0.06531012,89.27298114697139
0,1,569450,984,13.3552316465653,-0.0200139835693065,62.0,2.0,15.9155873099109,1.92350157315155,0.0,15.063873,0.059500724,89.27298114697139
0,1,569450,984,13.335217662996,-0.0200139835693047,64.0,2.0,15.889368117462,1.96807420031463,0.0,15.118493,0.05461943,89.27298114697139
0,1,569450,984,13.3152036794267,-0.0200139835693065,66.0,2.0,15.8631489250131,2.01264682747771,0.0,15.168815,0.05032152,89.27298114697139
0,1,569450,984,13.2951896958574,-0.0200139835693065,68.0,2.0,15.8369297325642,2.0572194546408,0.0,15.214882,0.046067744,89.27298114697139
0,1,569450,984,13.2751757122881,-0.0200139835693065,70.0,2.0,15.8107105401154,2.10179208180388,0.0,15.257355,0.042472154,89.27298114697139
0,1,569450,984,13.268186559679,-0.0069891526090231,72.0,2.0,15.7467258919616,2.11467258919616,0.0,15.297201,0.039847016,89.27298114697139
0,1,569450,984,13.2701925777332,0.0020060180541623,74.0,2.0,15.6566597752441,2.10566597752441,0.0,15.334929,0.037727773,89.27298114697139
0,1,569450,984,13.2721985957874,0.0020060180541623,76.0,2.0,15.5665936585266,2.09665936585266,0.0,15.370944,0.036014795,89.27298114697139
0,1,569450,984,13.2742046138415,0.0020060180541623,78.0,2.0,15.4765275418091,2.08765275418091,0.0,15.405335,0.034390926,89.27298114697139
0,1,569450,984,13.2762106318957,0.0020060180541623,80.0,2.0,15.3864614250916,2.07864614250916,0.0,15.438228,0.032892644,89.27298114697139
0,1,569450,984,13.2782166499498,0.0020060180541623,82.0,2.0,15.2963953083741,2.06963953083741,0.0,15.470186,0.03195852,89.27298114697139
0,1,569450,984,13.280222668004,0.0020060180541623,84.0,2.0,15.2063291916566,2.06063291916566,0.0,15.501462,0.03127539,89.27298114697139
0,1,569450,984,13.2822286860582,0.0020060180541623,86.0,2.0,15.1162630749391,2.05162630749391,0.0,15.532153,0.030691117,89.27298114697139
0,1,569450,984,13.2842347041123,0.0020060180541623,88.0,2.0,15.0261969582216,2.04261969582216,0.0,15.562453,0.030300766,89.27298114697139
0,1,569450,984,13.2862407221665,0.0020060180541641,90.0,2.0,14.9361308415041,2.03361308415041,0.0,15.592798,0.030344725,89.27298114697139
0,1,569450,984,13.2882467402207,0.0020060180541623,92.0,2.0,14.8460647247866,2.02460647247866,0.0,15.62358,0.030782253,89.27298114697139
0,1,569450,984,13.2902527582748,0.0020060180541623,94.0,2.0,14.7559986080691,2.01559986080691,0.0,15.654821,0.031241447,89.27298114697139
0,1,569450,984,13.292258776329,0.0020060180541623,96.0,2.0,14.6659324913516,2.00659324913516,0.0,15.686537,0.031715304,89.27298114697139
0,1,569450,984,13.2942647943831,0.0020060180541623,98.0,2.0,14.5758663746341,1.99758663746341,0.0,15.718693,0.032155484,89.27298114697139
0,1,569450,984,13.2962708124373,0.0020060180541623,100.0,2.0,14.4858002579166,1.98858002579166,0.0,15.751255,0.032561958,89.27298114697139
0,1,569450,984,13.2982768304915,0.0020060180541623,102.0,2.0,14.3957341411991,1.97957341411991,0.0,15.784172,0.032917738,89.27298114697139
0,1,569450,984,13.3002828485456,0.0020060180541623,104.0,2.0,14.3056680244816,1.97056680244816,0.0,15.817534,0.03336233,89.27298114697139
0,1,569450,984,13.3022888665998,0.0020060180541623,106.0,2.0,14.2156019077641,1.96156019077641,0.0,15.851027,0.03349176,89.27298114697139
0,1,569450,984,13.304294884654,0.0020060180541641,108.0,2.0,14.1255357910466,1.95255357910466,0.0,15.884628,0.03360176,89.27298114697139
0,1,569450,984,13.3063009027081,0.0020060180541623,110.0,2.0,14.0354696743291,1.94354696743291,0.0,15.918314,0.033685356,89.27298114697139
0,1,569450,984,13.3083069207623,0.0020060180541623,112.0,2.0,13.9454035576116,1.93454035576116,0.0,15.952117,0.03380376,89.27298114697139
0,1,569450,984,13.3103129388165,0.0020060180541623,114.0,2.0,13.8553374408941,1.92553374408941,0.0,15.98635,0.034233183,89.27298114697139
0,1,569450,984,13.3123189568706,0.0020060180541623,116.0,2.0,13.7652713241766,1.91652713241766,0.0,16.021233,0.034882635,89.27298114697139
0,1,569450,984,13.3143249749248,0.0020060180541623,118.0,2.0,13.6752052074591,1.90752052074591,0.0,16.05695,0.035715878,89.27298114697139
0,1,569450,984,13.3169877364373,0.0026627615125569,120.0,2.0,13.6116607773852,1.8964331739763,0.0,16.093296,0.036346734,89.27298114697139
0,1,569450,984,13.3229740178757,0.0059862814383713,122.0,2.0,13.682332155477,1.87481604655997,0.0,16.129435,0.036138207,89.27298114697139
0,1,569450,984,13.3289602993141,0.0059862814383695,124.0,2.0,13.7530035335689,1.85319891914363,0.0,16.164316,0.03488201,89.27298114697139
0,1,569450,984,13.3349465807524,0.0059862814383713,126.0,2.0,13.8236749116608,1.83158179172729,0.0,16.197685,0.033369064,89.27298114697139
0,1,569450,984,13.3409328621908,0.0059862814383695,128.0,2.0,13.8943462897526,1.80996466431095,0.0,16.230806,0.033121914,89.27298114697139
0,1,569450,984,13.3469191436292,0.0059862814383713,130.0,2.0,13.9650176678445,1.78834753689462,0.0,16.265495,0.03468743,89.27298114697139
0,1,569450,984,13.3529054250676,0.0059862814383695,132.0,2.0,14.0356890459364,1.76673040947828,0.0,16.303612,0.03811708,89.27298114697139
0,1,569450,984,13.3588917065059,0.0059862814383695,134.0,2.0,14.1063604240283,1.74511328206194,0.0,16.344786,0.041175097,89.27298114697139
0,1,569450,984,13.3648779879443,0.0059862814383713,136.0,2.0,14.1770318021201,1.7234961546456,0.0,16.386162,0.041376084,89.27298114697139
0,1,569450,984,13.3708642693827,0.0059862814383695,138.0,2.0,14.247703180212,1.70187902722927,0.0,16.419994,0.033832222,89.27298114697139
0,1,569450,984,13.376850550821,0.0059862814383713,140.0,2.0,14.3183745583039,1.68026189981293,0.0,16.442099,0.02210465,89.27298114697139
0,1,569450,984,13.3828368322594,0.0059862814383695,142.0,2.0,14.3890459363958,1.65864477239659,0.0,16.455242,0.0131420195,89.27298114697139
0,1,569450,984,13.3888231136978,0.0059862814383713,144.0,2.0,14.4597173144876,1.63702764498025,0.0,16.462753,0.007511735,89.27298114697139
0,1,569450,984,13.3948093951361,0.0059862814383695,146.0,2.0,14.5303886925795,1.61541051756392,0.0,16.482462,0.019709587,89.27298114697139
0,1,569450,984,13.4007956765745,0.0059862814383713,148.0,2.0,14.6010600706714,1.59379339014758,0.0,16.51165,0.029187262,89.27298114697139
0,1,569450,984,13.4067819580129,0.0059862814383695,150.0,2.0,14.6717314487633,1.57217626273124,0.0,16.540306,0.028656185,89.27298114697139
0,1,569450,984,13.4127682394513,0.0059862814383713,152.0,2.0,14.7424028268551,1.5505591353149,0.0,16.559855,0.019548446,89.27298114697139
0,1,569450,984,13.4187545208896,0.0059862814383695,154.0,2.0,14.813074204947,1.52894200789857,0.0,16.595518,0.035663217,89.27298114697139
0,1,569450,984,13.424740802328,0.0059862814383713,156.0,2.0,14.8837455830389,1.50732488048223,0.0,16.627645,0.03212738,89.27298114697139
0,1,569450,984,13.4307270837664,0.0059862814383695,158.0,2.0,14.9544169611307,1.48570775306589,0.0,16.670938,0.043292493,89.27298114697139
0,1,569450,984,13.4367133652047,0.0059862814383713,160.0,2.0,15.0250883392226,1.46409062564955,0.0,16.705738,0.034801066,89.27298114697139
0,1,569450,984,13.4426996466431,0.0059862814383695,162.0,2.0,15.0957597173145,1.44247349823322,0.0,16.732534,0.026794702,89.27298114697139
0,1,569450,984,13.4486859280815,0.0059862814383713,164.0,2.0,15.1664310954064,1.42085637081688,0.0,16.76234,0.029806882,89.27298114697139
0,1,569450,984,13.4546722095199,0.0059862814383695,166.0,2.0,15.2371024734982,1.39923924340054,0.0,16.792227,0.029885381,89.27298114697139
0,1,569450,984,13.46,0.00532779048015,168.0,2.0,15.3,1.38,0.0,16.803608,0.011381149,89.27298114697139
0,1,569450,1008,1.86792379319749,1.86792379319749,2.0,2.0,19.9,1.46,0.0,4.1996627,4.1996627,89.27298114697139
0,1,569450,1008,3.8625501005165,1.99462630731901,4.0,2.0,20.4762811987752,1.6284514273343,0.0,7.457342,3.2576792,89.27298114697139
0,1,569450,1008,5.74523565382622,1.88268555330972,6.0,2.0,21.1504807969137,1.828483906259,0.0,9.739137,2.2817948,89.27298114697139
0,1,569450,1008,6.16959219208844,0.424356538262222,8.0,2.0,20.6552887660506,1.71332296884897,0.0,10.812944,1.0738077,89.27298114697139
0,1,569450,1008,6.59394873035067,0.424356538262222,10.0,2.0,20.1600967351874,1.59816203143894,0.0,11.318599,0.5056546,89.27298114697139
0,1,569450,1008,7.01830526861289,0.424356538262221,12.0,2.0,19.6649047043243,1.48300109402891,0.0,11.650996,0.3323971,89.27298114697139
0,1,569450,1008,7.44266180687511,0.424356538262222,14.0,2.0,19.1697126734612,1.36784015661887,0.0,11.964508,0.31351152,89.27298114697139
0,1,569450,1008,7.86701834513733,0.424356538262222,16.0,2.0,18.674520642598,1.25267921920884,0.0,12.271485,0.3069781,89.27298114697139
0,1,569450,1008,8.29137488339955,0.424356538262222,18.0,2.0,18.1793286117349,1.13751828179881,0.0,12.581637,0.31015128,89.27298114697139
0,1,569450,1008,8.71573142166177,0.42435653826222,20.0,2.0,17.6841365808718,1.02235734438878,0.0,12.881999,0.30036187,89.27298114697139
0,1,569450,1008,9.14008795992399,0.424356538262222,22.0,2.0,17.1889445500086,0.907196406978753,0.0,13.169232,0.28723395,89.27298114697139
0,1,569450,1008,9.51989822350674,0.379810263582749,24.0,2.0,16.8646897880539,0.878520231213873,0.0,13.433396,0.2641636,89.27298114697139
0,1,569450,1008,9.83730092100193,0.317402697495185,26.0,2.0,16.7799113680154,0.971005780346821,0.0,13.673501,0.24010414,89.27298114697139
0,1,569450,1008,10.1547036184971,0.317402697495183,28.0,2.0,16.6951329479769,1.06349132947977,0.0,13.896175,0.22267458,89.27298114697139
0,1,569450,1008,10.4721063159923,0.317402697495183,30.0,2.0,16.6103545279383,1.15597687861272,0.0,14.099816,0.20364118,89.27298114697139
0,1,569450,1008,10.7895090134875,0.317402697495183,32.0,2.0,16.5255761078998,1.24846242774566,0.0,14.288864,0.18904796,89.27298114697139
0,1,569450,1008,11.1069117109827,0.317402697495183,34.0,2.0,16.4407976878613,1.34094797687861,0.0,14.467931,0.17906678,89.27298114697139
0,1,569450,1008,11.4243144084778,0.317402697495183,36.0,2.0,16.3560192678227,1.43343352601156,0.0,14.639619,0.17168778,89.27298114697139
0,1,569450,1008,11.741717105973,0.317402697495183,38.0,2.0,16.2712408477842,1.52591907514451,0.0,14.805016,0.16539624,89.27298114697139
0,1,569450,1008,12.0591198034682,0.317402697495183,40.0,2.0,16.1864624277457,1.61840462427746,0.0,14.96357,0.15855432,89.27298114697139
0,1,569450,1008,12.3765225009634,0.317402697495183,42.0,2.0,16.1016840077071,1.7108901734104,0.0,15.116211,0.15264177,89.27298114697139
0,1,569450,1008,12.6939251984586,0.317402697495183,44.0,2.0,16.0169055876686,1.80337572254335,0.0,15.260956,0.14474416,89.27298114697139
0,1,569450,1008,13.0113278959538,0.317402697495185,46.0,2.0,15.9321271676301,1.8958612716763,0.0,15.395185,0.13423038,89.27298114697139
0,1,569450,1008,13.3287305934489,0.317402697495183,48.0,2.0,15.8473487475915,1.98834682080925,0.0,15.519112,0.12392554,89.27298114697139
0,1,569450,1008,13.6038149266247,0.275084333175796,50.0,2.0,15.8185115303983,2.04814507337526,0.0,15.632383,0.11327216,89.27298114697139
0,1,569450,1008,13.8253662893082,0.221551362683439,52.0,2.0,15.8604402515723,2.06659371069182,0.0,15.735721,0.1033372,89.27298114697139
0,1,569450,1008,14.0469176519916,0.221551362683439,54.0,2.0,15.9023689727463,2.08504234800839,0.0,15.831027,0.09530637,89.27298114697139
0,1,569450,1008,14.2684690146751,0.221551362683437,56.0,2.0,15.9442976939203,2.10349098532495,0.0,15.918781,0.08775392,89.27298114697139
0,1,569450,1008,14.4900203773585,0.221551362683439,58.0,2.0,15.9862264150943,2.12193962264151,0.0,15.999184,0.080402285,89.27298114697139
0,1,569450,1008,14.7115717400419,0.221551362683439,60.0,2.0,16.0281551362683,2.14038825995807,0.0,16.072811,0.073627025,89.27298114697139
0,1,569450,1008,14.9331231027254,0.221551362683439,62.0,2.0,16.0700838574423,2.15883689727463,0.0,16.13877,0.06595948,89.27298114697139
0,1,569450,1008,15.1546744654088,0.221551362683437,64.0,2.0,16.1120125786164,2.17728553459119,0.0,16.19654,0.057771266,89.27298114697139
0,1,569450,1008,15.3762258280922,0.221551362683439,66.0,2.0,16.1539412997904,2.19573417190776,0.0,16.24581,0.04926774,89.27298114697139
0,1,569450,1008,15.5977771907757,0.221551362683437,68.0,2.0,16.1958700209644,2.21418280922432,0.0,16.287575,0.041765332,89.27298114697139
0,1,569450,1008,15.8193285534591,0.221551362683439,70.0,2.0,16.2377987421384,2.23263144654088,0.0,16.32321,0.035636187,89.27298114697139
0,1,569450,1008,16.0408799161426,0.221551362683439,72.0,2.0,16.2797274633124,2.25108008385744,0.0,16.35399,0.03078118,89.27298114697139
0,1,569450,1008,16.1624627100555,0.121582793912975,74.0,2.0,16.3224228062876,2.24729374310367,0.0001351590706003,16.381575,0.02758348,89.27298114697139
0,1,569450,1008,16.1904640848,0.0280013747444947,76.0,2.0,16.3658357903876,2.22269305211367,0.0003968416855091,16.4066,0.025025666,89.27298114697139
0,1,569450,1008,16.2184654595445,0.0280013747444983,78.0,2.0,16.4092487744876,2.19809236112367,0.0006585243004178,16.429382,0.022781044,89.27298114697139
0,1,569450,1008,16.246466834289,0.0280013747444983,80.0,2.0,16.4526617585876,2.17349167013368,0.0009202069153265,16.449617,0.02023536,89.27298114697139
0,1,569450,1008,16.2744682090335,0.0280013747444947,82.0,2.0,16.4960747426876,2.14889097914368,0.0011818895302353,16.46727,0.017652273,89.27298114697139
0,1,569450,1008,16.302469583778,0.0280013747444983,84.0,2.0,16.5394877267876,2.12429028815368,0.001443572145144,16.482595,0.0153262615,89.27298114697139
0,1,569450,1008,16.3304709585225,0.0280013747444947,86.0,2.0,16.5829007108876,2.09968959716368,0.0017052547600528,16.49584,0.013244092,89.27298114697139
0,1,569450,1008,16.358472333267,0.0280013747444983,88.0,2.0,16.6263136949876,2.07508890617369,0.0019669373749615,16.507086,0.011245966,89.27298114697139
0,1,569450,1008,16.3864737080115,0.0280013747444947,90.0,2.0,16.6697266790876,2.05048821518369,0.0022286199898703,16.516396,0.009310663,89.27298114697139
0,1,569450,1008,16.414475082756,0.0280013747444983,92.0,2.0,16.7131396631876,2.02588752419369,0.002490302604779,16.523773,0.007377535,89.27298114697139
0,1,569450,1008,16.4424764575005,0.0280013747444947,94.0,2.0,16.7565526472876,2.0012868332037,0.0027519852196877,16.529087,0.005314201,89.27298114697139
0,1,569450,1008,16.470477832245,0.0280013747444983,96.0,2.0,16.7999656313876,1.9766861422137,0.0030136678345965,16.533033,0.003945589,89.27298114697139
0,1,569450,1008,16.4984792069895,0.0280013747444947,98.0,2.0,16.8433786154876,1.9520854512237,0.0032753504495052,16.535934,0.0029005408,89.27298114697139
0,1,569450,1008,16.526480581734,0.0280013747444983,100.0,2.0,16.8867915995876,1.92748476023371,0.003537033064414,16.5378,0.0018658638,89.27298114697139
0,1,569450,1008,16.5544819564785,0.0280013747444947,102.0,2.0,16.9302045836876,1.90288406924371,0.0037987156793227,16.538824,0.0010234714,89.27298114697139
0,1,569450,1008,16.582483331223,0.0280013747444983,104.0,2.0,16.9736175677876,1.87828337825371,0.0040603982942315,16.539543,0.0007196069,89.27298114697139
0,1,569450,1008,16.6104847059675,0.0280013747444947,106.0,2.0,17.0170305518876,1.85368268726372,0.0043220809091402,16.540745,0.0012020469,89.27298114697139
0,1,569450,1008,16.638486080712,0.0280013747444983,108.0,2.0,17.0604435359876,1.82908199627372,0.0045837635240489,16.542498,0.001753211,89.27298114697139
0,1,569450,1008,16.6664874554565,0.0280013747444947,110.0,2.0,17.1038565200876,1.80448130528372,0.0048454461389577,16.544395,0.0018975139,89.27298114697139
0,1,569450,1008,16.694488830201,0.0280013747444983,112.0,2.0,17.1472695041875,1.77988061429372,0.0051071287538664,16.546072,0.001676619,89.27298114697139
0,1,569450,1008,16.7224902049455,0.0280013747444947,114.0,2.0,17.1906824882875,1.75527992330373,0.0053688113687752,16.547697,0.0016241968,89.27298114697139
0,1,569450,1008,16.75049157969,0.0280013747444983,116.0,2.0,17.2340954723875,1.73067923231373,0.0056304939836839,16.549519,0.0018220544,89.27298114697139
0,1,569450,1008,16.7784929544345,0.0280013747444947,118.0,2.0,17.2775084564875,1.70607854132373,0.0058921765985927,16.551819,0.002299279,89.27298114697139
0,1,569450,1008,16.806494329179,0.0280013747444983,120.0,2.0,17.3209214405875,1.68147785033374,0.0061538592135014,16.554585,0.0027674139,89.27298114697139
0,1,569450,1008,16.8344957039234,0.0280013747444947,122.0,2.0,17.3643344246875,1.65687715934374,0.0064155418284101,16.557487,0.002901256,89.27298114697139
0,1,569450,1008,16.8624970786679,0.0280013747444983,124.0,2.0,17.4077474087875,1.63227646835374,0.0066772244433189,16.559824,0.0023380518,89.27298114697139
0,1,569450,1008,16.8904984534124,0.0280013747444947,126.0,2.0,17.4511603928875,1.60767577736375,0.0069389070582276,16.560574,0.0007492602,89.27298114697139
0,1,569450,1008,16.9184998281569,0.0280013747444983,128.0,2.0,17.4945733769875,1.58307508637375,0.0072005896731364,16.559624,-0.0009509027,89.27298114697139
0,1,569450,1008,16.9307350864378,0.0122352582808496,130.0,2.0,17.4403457511566,1.60854881908936,0.0075486451424397,16.558317,-0.0013062656,89.27298114697139
0,1,569450,1008,16.9407180423667,0.0099829559289013,132.0,2.0,17.3721694667641,1.64117604090577,0.0079090395909422,16.559242,0.00092464685,89.27298114697139
0,1,569450,1008,16.9507009982956,0.0099829559289048,134.0,2.0,17.3039931823716,1.67380326272218,0.0082694340394448,16.563522,0.004280627,89.27298114697139
0,1,569450,1008,16.9606839542245,0.0099829559289013,136.0,2.0,17.2358168979791,1.70643048453859,0.0086298284879474,16.569672,0.0061503947,89.27298114697139
0,1,569450,1008,16.9706669101534,0.0099829559289013,138.0,2.0,17.1676406135866,1.739057706355,0.0089902229364499,16.577566,0.007892966,89.27298114697139
0,1,569450,1008,16.9806498660823,0.0099829559289013,140.0,2.0,17.0994643291941,1.77168492817141,0.0093506173849525,16.577787,0.0002220869,89.27298114697139
0,1,569450,1008,16.9906328220112,0.0099829559289013,142.0,2.0,17.0312880448016,1.80431214998783,0.009711011833455,16.565432,-0.012355864,89.27298114697139
0,1,569450,1008,17.0006157779401,0.0099829559289013,144.0,2.0,16.9631117604091,1.83693937180424,0.0100714062819576,16.542816,-0.02261594,89.27298114697139
0,1,569450,1008,17.010598733869,0.0099829559289013,146.0,2.0,16.8949354760166,1.86956659362065,0.0104318007304602,16.519073,-0.023742288,89.27298114697139
0,1,569450,1008,17.0205816897979,0.0099829559289013,148.0,2.0,16.8267591916241,1.90219381543706,0.0107921951789627,16.512228,-0.006844878,89.27298114697139
0,1,569450,1008,17.0305646457268,0.0099829559289048,150.0,2.0,16.7585829072316,1.93482103725347,0.0111525896274653,16.508827,-0.0034016669,89.27298114697139
0,1,569450,1008,17.0405476016557,0.0099829559289013,152.0,2.0,16.6904066228391,1.96744825906988,0.0115129840759679,16.500757,-0.008069485,89.27298114697139
0,1,569450,1008,17.0505305575846,0.0099829559289013,154.0,2.0,16.6222303384466,2.00007548088629,0.0118733785244704,16.483574,-0.01718381,89.27298114697139
0,1,569450,1008,17.0605135135135,0.0099829559289013,156.0,2.0,16.5540540540541,2.0327027027027,0.012233772972973,16.482557,-0.0010168254,89.27298114697139
0,1,569450,1008,17.0704964694424,0.0099829559289013,158.0,2.0,16.4858777696616,2.06532992451911,0.0125941674214755,16.471685,-0.010872096,89.27298114697139
0,1,569450,1008,17.0804794253713,0.0099829559289013,160.0,2.0,16.4177014852691,2.09795714633552,0.0129545618699781,16.472757,0.001072079,89.27298114697139
0,1,569450,1008,17.0904623813002,0.0099829559289013,162.0,2.0,16.3495252008766,2.13058436815194,0.0133149563184806,16.474375,0.0016183555,89.27298114697139
0,1,569450,1008,17.1004453372291,0.0099829559289048,164.0,2.0,16.2813489164841,2.16321158996835,0.0136753507669832,16.478016,0.0036411583,89.27298114697139
0,1,569450,1008,17.110428293158,0.0099829559289013,166.0,2.0,16.2131726320916,2.19583881178476,0.0140357452154858,16.480164,0.002146721,89.27298114697139
0,1,569450,1008,17.1204112490869,0.0099829559289013,168.0,2.0,16.1449963476991,2.22846603360117,0.0143961396639883,16.489035,0.0088709295,89.27298114697139
0,1,569450,1008,17.127,0.0065887509130746,170.0,2.0,16.1,2.25,0.014634,16.4697,-0.01933366,89.27298114697139
0,1,569450,1009,4.08901818181818,4.08901818181818,2.0,2.0,8.9,3.73,0.35714,2.4259474,2.4259474,89.27298114697139
0,1,569450,1009,5.88115,1.79213181818182,4.0,2.0,8.80277777777778,3.65986111111111,0.353943472222222,3.9752944,1.5493469,89.27298114697139
0,1,569450,1009,6.29515,0.414,6.0,2.0,8.64722222222222,3.54763888888889,0.348829027777778,4.91151,0.9362157,89.27298114697139
0,1,569450,1009,6.70915,0.414000000000001,8.0,2.0,8.49166666666667,3.43541666666667,0.343714583333333,5.23734,0.3258298,89.27298114697139
0,1,569450,1009,7.12315,0.414,10.0,2.0,8.33611111111111,3.32319444444444,0.338600138888889,5.5241117,0.28677166,89.27298114697139
0,1,569450,1009,7.53715,0.414,12.0,2.0,8.18055555555556,3.21097222222222,0.333485694444444,5.783111,0.25899953,89.27298114697139
0,1,569450,1009,7.95115,0.414000000000001,14.0,2.0,8.025,3.09875,0.32837125,6.046348,0.26323724,89.27298114697139
0,1,569450,1009,8.36515,0.414,16.0,2.0,7.86944444444444,2.98652777777778,0.323256805555556,6.315709,0.26936072,89.27298114697139
0,1,569450,1009,8.77915,0.414,18.0,2.0,7.71388888888889,2.87430555555556,0.318142361111111,6.588263,0.27255386,89.27298114697139
0,1,569450,1009,9.19315,0.414,20.0,2.0,7.55833333333333,2.76208333333333,0.313027916666667,6.8567667,0.2685038,89.27298114697139
0,1,569450,1009,9.63696010681828,0.44381010681828,22.0,2.0,7.51615195761726,2.79322220786493,0.306891647068958,7.118826,0.26205906,89.27298114697139
0,1,569450,1009,10.0986562777275,0.461696170909248,24.0,2.0,7.54199508980488,2.91037774044881,0.300142282379291,7.372897,0.25407162,89.27298114697139
0,1,569450,1009,10.5603524486368,0.461696170909248,26.0,2.0,7.56783822199251,3.02753327303269,0.293392917689624,7.6200333,0.24713598,89.27298114697139
0,1,569450,1009,11.022048619546,0.461696170909249,28.0,2.0,7.59368135418013,3.14468880561657,0.286643552999957,7.859402,0.23936875,89.27298114697139
0,1,569450,1009,11.4837447904553,0.461696170909246,30.0,2.0,7.61952448636775,3.26184433820046,0.27989418831029,8.092674,0.23327217,89.27298114697139
0,1,569450,1009,11.9454409613645,0.461696170909249,32.0,2.0,7.64536761855537,3.37899987078434,0.273144823620623,8.317624,0.22494946,89.27298114697139
0,1,569450,1009,12.4071371322738,0.461696170909248,34.0,2.0,7.67121075074299,3.49615540336822,0.266395458930956,8.531408,0.21378443,89.27298114697139
0,1,569450,1009,12.868833303183,0.461696170909248,36.0,2.0,7.69705388293061,3.6133109359521,0.259646094241289,8.73068,0.19927227,89.27298114697139
0,1,569450,1009,13.3305294740923,0.461696170909248,38.0,2.0,7.72289701511823,3.73046646853599,0.252896729551622,8.916283,0.18560234,89.27298114697139
0,1,569450,1009,13.7922256450015,0.461696170909248,40.0,2.0,7.74874014730585,3.84762200111987,0.246147364861955,9.090382,0.17409873,89.27298114697139
0,1,569450,1009,14.2539218159108,0.461696170909246,42.0,2.0,7.77458327949347,3.96477753370375,0.239398000172288,9.254329,0.16394696,89.27298114697139
0,1,569450,1009,14.710145,0.456223184089247,44.0,2.0,7.80012132352941,4.07910220588235,0.232486528150735,9.408519,0.1541906,89.27298114697139
0,1,569450,1009,14.840145,0.129999999999999,46.0,2.0,7.80747426470588,4.02469044117647,0.215912476680147,9.554602,0.14608303,89.27298114697139
0,1,569450,1009,14.970145,0.130000000000001,48.0,2.0,7.81482720588235,3.97027867647059,0.199338425209559,9.694287,0.1396856,89.27298114697139
0,1,569450,1009,15.100145,0.129999999999999,50.0,2.0,7.82218014705882,3.91586691176471,0.182764373738971,9.827338,0.13305089,89.27298114697139
0,1,569450,1009,15.230145,0.130000000000001,52.0,2.0,7.82953308823529,3.86145514705882,0.166190322268382,9.954337,0.12699884,89.27298114697139
0,1,569450,1009,15.360145,0.129999999999999,54.0,2.0,7.83688602941176,3.80704338235294,0.149616270797794,10.074932,0.12059471,89.27298114697139
0,1,569450,1009,15.490145,0.130000000000001,56.0,2.0,7.84423897058824,3.75263161764706,0.133042219327206,10.187881,0.11294946,89.27298114697139
0,1,569450,1009,15.620145,0.129999999999999,58.0,2.0,7.85159191176471,3.69821985294118,0.116468167856618,10.293262,0.10537976,89.27298114697139
0,1,569450,1009,15.750145,0.130000000000001,60.0,2.0,7.85894485294118,3.64380808823529,0.0998941163860294,10.391098,0.097836465,89.27298114697139
0,1,569450,1009,15.880145,0.129999999999999,62.0,2.0,7.86629779411765,3.58939632352941,0.0833200649154412,10.481437,0.090339005,89.27298114697139
0,1,569450,1009,16.010145,0.129999999999999,64.0,2.0,7.87365073529412,3.53498455882353,0.066746013444853,10.564409,0.082972735,89.27298114697139
0,1,569450,1009,16.140145,0.130000000000003,66.0,2.0,7.88100367647059,3.48057279411765,0.0501719619742647,10.639903,0.075493604,89.27298114697139
0,1,569450,1009,16.270145,0.129999999999999,68.0,2.0,7.88835661764706,3.42616102941176,0.0335979105036765,10.707965,0.06806132,89.27298114697139
0,1,569450,1009,16.400145,0.129999999999999,70.0,2.0,7.89570955882353,3.37174926470588,0.0170238590330883,10.768777,0.06081292,89.27298114697139
0,1,569450,1009,16.4834976295719,0.083352629571948,72.0,2.0,7.96677278244738,3.33313194237684,0.0124514235622838,10.822529,0.053751886,89.27298114697139
0,1,569450,1009,16.5014991411493,0.0180015115773102,74.0,2.0,8.12709158784326,3.31664200810755,0.0246927766530014,10.869553,0.047023416,89.27298114697139
0,1,569450,1009,16.5195006527266,0.0180015115773067,76.0,2.0,8.28741039323913,3.30015207383826,0.0369341297437189,10.910753,0.04120025,89.27298114697139
0,1,569450,1009,16.5375021643039,0.0180015115773102,78.0,2.0,8.447729198635,3.28366213956897,0.0491754828344365,10.947494,0.036740243,89.27298114697139
0,1,569450,1009,16.5555036758812,0.0180015115773067,80.0,2.0,8.60804800403087,3.26717220529968,0.061416835925154,10.980991,0.03349778,89.27298114697139
0,1,569450,1009,16.5735051874585,0.0180015115773067,82.0,2.0,8.76836680942675,3.25068227103039,0.0736581890158716,11.012183,0.031192154,89.27298114697139
0,1,569450,1009,16.5915066990358,0.0180015115773102,84.0,2.0,8.92868561482262,3.2341923367611,0.0858995421065891,11.041485,0.029301733,89.27298114697139
0,1,569450,1009,16.6095082106131,0.0180015115773067,86.0,2.0,9.08900442021849,3.21770240249181,0.0981408951973066,11.068939,0.027453989,89.27298114697139
0,1,569450,1009,16.6275097221904,0.0180015115773102,88.0,2.0,9.24932322561436,3.20121246822252,0.110382248288024,11.094782,0.025842905,89.27298114697139
0,1,569450,1009,16.6455112337677,0.0180015115773067,90.0,2.0,9.40964203101024,3.18472253395323,0.122623601378742,11.119397,0.024615824,89.27298114697139
0,1,569450,1009,16.663512745345,0.0180015115773067,92.0,2.0,9.56996083640611,3.16823259968394,0.134864954469459,11.143153,0.023755997,89.27298114697139
0,1,569450,1009,16.6815142569223,0.0180015115773102,94.0,2.0,9.73027964180198,3.15174266541465,0.147106307560177,11.165813,0.022660226,89.27298114697139
0,1,569450,1009,16.6995157684996,0.0180015115773067,96.0,2.0,9.89059844719786,3.13525273114536,0.159347660650894,11.187103,0.021289378,89.27298114697139
0,1,569450,1009,16.717517280077,0.0180015115773067,98.0,2.0,10.0509172525937,3.11876279687607,0.171589013741612,11.206682,0.019579321,89.27298114697139
0,1,569450,1009,16.7355187916543,0.0180015115773102,100.0,2.0,10.2112360579896,3.10227286260678,0.183830366832329,11.224262,0.017580062,89.27298114697139
0,1,569450,1009,16.7535203032316,0.0180015115773067,102.0,2.0,10.3715548633855,3.08578292833749,0.196071719923047,11.239466,0.015203297,89.27298114697139
0,1,569450,1009,16.7715218148089,0.0180015115773102,104.0,2.0,10.5318736687813,3.0692929940682,0.208313073013765,11.252046,0.012579352,89.27298114697139
0,1,569450,1009,16.7895233263862,0.0180015115773067,106.0,2.0,10.6921924741772,3.05280305979891,0.220554426104482,11.2620125,0.0099672675,89.27298114697139
0,1,569450,1009,16.8075248379635,0.0180015115773067,108.0,2.0,10.8525112795731,3.03631312552962,0.2327957791952,11.269298,0.007285267,89.27298114697139
0,1,569450,1009,16.8255263495408,0.0180015115773102,110.0,2.0,11.012830084969,3.01982319126033,0.245037132285917,11.274414,0.0051163137,89.27298114697139
0,1,569450,1009,16.8435278611181,0.0180015115773067,112.0,2.0,11.1731488903648,3.00333325699104,0.257278485376635,11.278284,0.003869772,89.27298114697139
0,1,569450,1009,16.8615293726954,0.0180015115773102,114.0,2.0,11.3334676957607,2.98684332272176,0.269519838467352,11.281782,0.0034983158,89.27298114697139
0,1,569450,1009,16.8959060102302,0.0343766375347592,116.0,2.0,11.4199488491049,2.97825447570332,0.273601061381074,11.285187,0.0034042895,89.27298114697139
0,1,569450,1009,16.9418991901108,0.0459931798806501,118.0,2.0,11.4540494458653,2.97527067348679,0.271893473998295,11.288696,0.0035100877,89.27298114697139
0,1,569450,1009,16.9878923699915,0.0459931798806466,120.0,2.0,11.4881500426257,2.97228687127025,0.270185886615516,11.291339,0.0026426613,89.27298114697139
0,1,569450,1009,17.0338855498721,0.0459931798806466,122.0,2.0,11.5222506393862,2.96930306905371,0.268478299232737,11.293726,0.0023872554,89.27298114697139
0,1,569450,1009,17.0798787297528,0.0459931798806501,124.0,2.0,11.5563512361466,2.96631926683717,0.266770711849957,11.29734,0.0036135912,89.27298114697139
0,1,569450,1009,17.1258719096334,0.0459931798806466,126.0,2.0,11.5904518329071,2.96333546462063,0.265063124467178,11.301014,0.003673941,89.27298114697139
0,1,569450,1009,17.1718650895141,0.0459931798806501,128.0,2.0,11.6245524296675,2.96035166240409,0.263355537084399,11.305895,0.004881233,89.27298114697139
0,1,569450,1009,17.2178582693947,0.0459931798806466,130.0,2.0,11.658653026428,2.95736786018755,0.26164794970162,11.313743,0.007847816,89.27298114697139
0,1,569450,1009,17.2638514492754,0.0459931798806466,132.0,2.0,11.6927536231884,2.95438405797101,0.259940362318841,11.319668,0.0059247017,89.27298114697139
0,1,569450,1009,17.309844629156,0.0459931798806501,134.0,2.0,11.7268542199488,2.95140025575448,0.258232774936061,11.314578,-0.005090058,89.27298114697139
0,1,569450,1009,17.3558378090367,0.0459931798806466,136.0,2.0,11.7609548167093,2.94841645353794,0.256525187553282,11.2986355,-0.015942395,89.27298114697139
0,1,569450,1009,17.4018309889173,0.0459931798806501,138.0,2.0,11.7950554134697,2.9454326513214,0.254817600170503,11.281566,-0.017069876,89.27298114697139
0,1,569450,1009,17.447824168798,0.0459931798806466,140.0,2.0,11.8291560102302,2.94244884910486,0.253110012787724,11.279865,-0.0016998649,89.27298114697139
0,1,569450,1009,17.4938173486786,0.0459931798806466,142.0,2.0,11.8632566069906,2.93946504688832,0.251402425404945,11.28023,0.00036391616,89.27298114697139
0,1,569450,1009,17.5398105285593,0.0459931798806501,144.0,2.0,11.8973572037511,2.93648124467178,0.249694838022165,11.275823,-0.0044064224,89.27298114697139
0,1,569450,1009,17.5858037084399,0.0459931798806466,146.0,2.0,11.9314578005115,2.93349744245524,0.247987250639386,11.264699,-0.011124432,89.27298114697139
0,1,569450,1009,17.6317968883205,0.0459931798806501,148.0,2.0,11.965558397272,2.9305136402387,0.246279663256607,11.269041,0.004342437,89.27298114697139
0,1,569450,1009,17.6777900682012,0.0459931798806466,150.0,2.0,11.9996589940324,2.92752983802217,0.244572075873828,11.262581,-0.0064605176,89.27298114697139
0,1,569450,1009,17.7237832480818,0.0459931798806466,152.0,2.0,12.0337595907928,2.92454603580563,0.242864488491049,11.267561,0.004980743,89.27298114697139
0,1,569450,1009,17.7697764279625,0.0459931798806501,154.0,2.0,12.0678601875533,2.92156223358909,0.241156901108269,11.269748,0.0021867454,89.27298114697139
0,1,569450,1009,17.8157696078431,0.0459931798806466,156.0,2.0,12.1019607843137,2.91857843137255,0.23944931372549,11.279137,0.009389043,89.27298114697139
0,1,569450,1009,17.8617627877238,0.0459931798806466,158.0,2.0,12.1360613810742,2.91559462915601,0.237741726342711,11.285836,0.0066991746,89.27298114697139
0,1,569450,1009,17.9077559676044,0.0459931798806501,160.0,2.0,12.1701619778346,2.91261082693947,0.236034138959932,11.294389,0.008552164,89.27298114697139
0,1,569450,1009,17.948,0.0402440323955666,162.0,2.0,12.2,2.91,0.23454,11.27551,-0.018878222,89.27298114697139
0,1,569450,1132,2.086,2.086,2.0,2.0,19.49,2.0134,0.0,5.146794,5.146794,89.27298114697139
0,1,569450,1132,4.172,2.086,4.0,2.0,19.49,2.0134,0.0,8.251749,3.1049557,89.27298114697139
0,1,569450,1132,6.258,2.086,6.0,2.0,19.49,2.0134,0.0,10.315636,2.063886,89.27298114697139
0,1,569450,1132,8.344,2.086,8.0,2.0,19.49,2.0134,0.0,11.952608,1.6369731,89.27298114697139
0,1,569450,1132,10.43,2.086,10.0,2.0,19.49,2.0134,0.0,14.111206,2.158598,89.27298114697139
0,1,569450,1132,12.516,2.086,12.0,2.0,19.49,2.0134,0.0,16.131184,2.019977,89.27298114697139
0,1,569450,1132,14.602,2.086,14.0,2.0,19.49,2.0134,0.0,18.27262,2.141436,89.27298114697139
0,1,569450,1132,16.688,2.086,16.0,2.0,19.49,2.0134,0.0,20.470604,2.1979845,89.27298114697139
0,1,569450,1132,18.774,2.086,18.0,2.0,19.49,2.0134,0.0,22.696217,2.2256117,89.27298114697139
0,1,569450,1132,20.86,2.086,20.0,2.0,19.49,2.0134,0.0,24.877525,2.18131,89.27298114697139
0,1,569450,1132,22.946,2.086,22.0,2.0,19.49,2.0134,0.0,26.786135,1.9086084,89.27298114697139
0,1,569450,1132,25.032,2.086,24.0,2.0,19.49,2.0134,0.0,28.060518,1.2743846,89.27298114697139
0,1,569450,1132,25.032,0.0,26.0,2.0,19.6336734693878,1.99743265306122,0.0,28.525318,0.46479958,89.27298114697139
0,1,569450,1132,25.032,0.0,28.0,2.0,19.7773469387755,1.98146530612245,0.0,28.970488,0.4451684,89.27298114697139
0,1,569450,1132,25.032,0.0,30.0,2.0,19.9210204081633,1.96549795918367,0.0,29.335228,0.36474174,89.27298114697139
0,1,569450,1132,25.032,0.0,32.0,2.0,20.064693877551,1.9495306122449,0.0,29.628204,0.2929756,89.27298114697139
0,1,569450,1132,25.032,0.0,34.0,2.0,20.2083673469388,1.93356326530612,0.0,29.866695,0.23849209,89.27298114697139
0,1,569450,1132,25.032,0.0,36.0,2.0,20.3520408163265,1.91759591836735,0.0,30.077726,0.21103099,89.27298114697139
0,1,569450,1132,25.032,0.0,38.0,2.0,20.4957142857143,1.90162857142857,0.0,30.273998,0.19627011,89.27298114697139
0,1,569450,1132,25.032,0.0,40.0,2.0,20.639387755102,1.8856612244898,0.0,30.456886,0.18288928,89.27298114697139
0,1,569450,1132,25.032,0.0,42.0,2.0,20.7830612244898,1.86969387755102,0.0,30.62624,0.16935402,89.27298114697139
0,1,569450,1132,25.032,0.0,44.0,2.0,20.9267346938775,1.85372653061225,0.0,30.780775,0.15453446,89.27298114697139
0,1,569450,1132,25.032,0.0,46.0,2.0,21.0704081632653,1.83775918367347,0.0,30.91866,0.13788342,89.27298114697139
0,1,569450,1132,25.032,0.0,48.0,2.0,21.2140816326531,1.82179183673469,0.0,31.041086,0.1224277,89.27298114697139
0,1,569450,1132,25.035,0.0030000000000001,50.0,2.0,21.246875,1.82283125,0.0,31.152632,0.11154559,89.27298114697139
0,1,569450,1132,25.039,0.0040000000000013,52.0,2.0,21.2427083333333,1.82953958333333,0.0,31.257915,0.10528338,89.27298114697139
0,1,569450,1132,25.043,0.0039999999999977,54.0,2.0,21.2385416666667,1.83624791666667,0.0,31.35853,0.10061568,89.27298114697139
0,1,569450,1132,25.047,0.0040000000000013,56.0,2.0,21.234375,1.84295625,0.0,31.455753,0.09722161,89.27298114697139
0,1,569450,1132,25.051,0.0039999999999977,58.0,2.0,21.2302083333333,1.84966458333333,0.0,31.54851,0.09275678,89.27298114697139
0,1,569450,1132,25.055,0.0040000000000013,60.0,2.0,21.2260416666667,1.85637291666667,0.0,31.636162,0.08765322,89.27298114697139
0,1,569450,1132,25.059,0.0039999999999977,62.0,2.0,21.221875,1.86308125,0.0,31.717484,0.08132064,89.27298114697139
0,1,569450,1132,25.063,0.0040000000000013,64.0,2.0,21.2177083333333,1.86978958333333,0.0,31.792974,0.075490534,89.27298114697139
0,1,569450,1132,25.067,0.0040000000000013,66.0,2.0,21.2135416666667,1.87649791666667,0.0,31.864714,0.071740836,89.27298114697139
0,1,569450,1132,25.071,0.0039999999999977,68.0,2.0,21.209375,1.88320625,0.0,31.933321,0.06860569,89.27298114697139
0,1,569450,1132,25.075,0.0040000000000013,70.0,2.0,21.2052083333333,1.88991458333333,0.0,31.9983,0.06498107,89.27298114697139
0,1,569450,1132,25.079,0.0039999999999977,72.0,2.0,21.2010416666667,1.89662291666667,0.0,32.0594,0.06109795,89.27298114697139
0,1,569450,1132,25.095,0.0160000000000018,74.0,2.0,21.1675,1.8981203125,3.25515625e-05,32.116035,0.05663809,89.27298114697139
0,1,569450,1132,25.115,0.0199999999999996,76.0,2.0,21.1241666666667,1.89788072916667,7.59536458333333e-05,32.16766,0.051622838,89.27298114697139
0,1,569450,1132,25.135,0.0199999999999996,78.0,2.0,21.0808333333333,1.89764114583333,0.0001193557291666,32.21378,0.04611829,89.27298114697139
0,1,569450,1132,25.155,0.0199999999999996,80.0,2.0,21.0375,1.8974015625,0.0001627578125,32.25478,0.04100287,89.27298114697139
0,1,569450,1132,25.175,0.0199999999999996,82.0,2.0,20.9941666666667,1.89716197916667,0.0002061598958333,32.291576,0.036795437,89.27298114697139
0,1,569450,1132,25.195,0.0199999999999996,84.0,2.0,20.9508333333333,1.89692239583333,0.0002495619791666,32.324764,0.033188343,89.27298114697139
0,1,569450,1132,25.215,0.0200000000000031,86.0,2.0,20.9075,1.8966828125,0.0002929640625,32.354603,0.02983594,89.27298114697139
0,1,569450,1132,25.235,0.0199999999999996,88.0,2.0,20.8641666666667,1.89644322916667,0.0003363661458333,32.381603,0.027002037,89.27298114697139
0,1,569450,1132,25.255,0.0199999999999996,90.0,2.0,20.8208333333333,1.89620364583333,0.0003797682291666,32.40615,0.024547577,89.27298114697139
0,1,569450,1132,25.275,0.0199999999999996,92.0,2.0,20.7775,1.8959640625,0.0004231703125,32.42861,0.022460729,89.27298114697139
0,1,569450,1132,25.295,0.0199999999999996,94.0,2.0,20.7341666666667,1.89572447916667,0.0004665723958333,32.449314,0.020702958,89.27298114697139
0,1,569450,1132,25.315,0.0199999999999996,96.0,2.0,20.6908333333333,1.89548489583333,0.0005099744791666,32.469383,0.020069897,89.27298114697139
0,1,569450,1132,25.335,0.0199999999999996,98.0,2.0,20.6475,1.8952453125,0.0005533765625,32.489567,0.020183355,89.27298114697139
0,1,569450,1132,25.355,0.0199999999999996,100.0,2.0,20.6041666666667,1.89500572916667,0.0005967786458333,32.510387,0.020818383,89.27298114697139
0,1,569450,1132,25.375,0.0200000000000031,102.0,2.0,20.5608333333333,1.89476614583333,0.0006401807291666,32.53162,0.021232754,89.27298114697139
0,1,569450,1132,25.395,0.0199999999999996,104.0,2.0,20.5175,1.8945265625,0.0006835828125,32.553143,0.02152437,89.27298114697139
0,1,569450,1132,25.415,0.0199999999999996,106.0,2.0,20.4741666666667,1.89428697916667,0.0007269848958333,32.57501,0.021865338,89.27298114697139
0,1,569450,1132,25.435,0.0199999999999996,108.0,2.0,20.4308333333333,1.89404739583333,0.0007703869791666,32.597195,0.022186786,89.27298114697139
0,1,569450,1132,25.455,0.0199999999999996,110.0,2.0,20.3875,1.8938078125,0.0008137890625,32.619137,0.021940261,89.27298114697139
0,1,569450,1132,25.475,0.0199999999999996,112.0,2.0,20.3441666666667,1.89356822916667,0.0008571911458333,32.640656,0.021521538,89.27298114697139
0,1,569450,1132,25.495,0.0199999999999996,114.0,2.0,20.3008333333333,1.89332864583333,0.0009005932291666,32.661575,0.020917714,89.27298114697139
0,1,569450,1132,25.515,0.0199999999999996,116.0,2.0,20.2575,1.8930890625,0.0009439953125,32.68191,0.020336807,89.27298114697139
0,1,569450,1132,25.535,0.0200000000000031,118.0,2.0,20.2141666666667,1.89284947916667,0.0009873973958333,32.701714,0.019803017,89.27298114697139
0,1,569450,1132,25.555,0.0199999999999996,120.0,2.0,20.1708333333333,1.89260989583333,0.0010307994791666,32.72076,0.019046217,89.27298114697139
0,1,569450,1132,25.575,0.0199999999999996,122.0,2.0,20.1275,1.8923703125,0.0010742015625,32.73852,0.017760724,89.27298114697139
0,1,569450,1132,25.595,0.0199999999999996,124.0,2.0,20.0841666666667,1.89213072916667,0.0011176036458333,32.754333,0.015812486,89.27298114697139
0,1,569450,1132,25.615,0.0199999999999996,126.0,2.0,20.0408333333333,1.89189114583333,0.0011610057291666,32.767887,0.013551772,89.27298114697139
0,1,569450,1132,25.635,0.0199999999999996,128.0,2.0,19.9975,1.8916515625,0.0012044078125,32.779987,0.012102127,89.27298114697139
0,1,569450,1132,25.655,0.0199999999999996,130.0,2.0,19.9541666666667,1.89141197916667,0.0012478098958333,32.792747,0.012758374,89.27298114697139
0,1,569450,1132,25.675,0.0199999999999996,132.0,2.0,19.9108333333333,1.89117239583333,0.0012912119791666,32.80838,0.01563254,89.27298114697139
0,1,569450,1132,25.695,0.0200000000000031,134.0,2.0,19.8675,1.8909328125,0.0013346140625,32.828358,0.019979268,89.27298114697139
0,1,569450,1132,25.715,0.0199999999999996,136.0,2.0,19.8241666666667,1.89069322916667,0.0013780161458333,32.852062,0.023703516,89.27298114697139
0,1,569450,1132,25.735,0.0199999999999996,138.0,2.0,19.7808333333333,1.89045364583333,0.0014214182291666,32.873604,0.021541417,89.27298114697139
0,1,569450,1132,25.755,0.0199999999999996,140.0,2.0,19.7375,1.8902140625,0.0014648203125,32.884113,0.010510653,89.27298114697139
0,1,569450,1132,25.775,0.0199999999999996,142.0,2.0,19.6941666666667,1.88997447916667,0.0015082223958333,32.881226,-0.0028880239,89.27298114697139
0,1,569450,1132,25.795,0.0199999999999996,144.0,2.0,19.6508333333333,1.88973489583333,0.0015516244791666,32.869312,-0.011913925,89.27298114697139
0,1,569450,1132,25.815,0.0199999999999996,146.0,2.0,19.6075,1.8894953125,0.0015950265625,32.857048,-0.012262285,89.27298114697139
0,1,569450,1132,25.835,0.0199999999999996,148.0,2.0,19.5641666666667,1.88925572916667,0.0016384286458333,32.861866,0.004816085,89.27298114697139
0,1,569450,1132,25.855,0.0200000000000031,150.0,2.0,19.5208333333333,1.88901614583333,0.0016818307291666,32.881733,0.019865751,89.27298114697139
0,1,569450,1132,25.875,0.0199999999999996,152.0,2.0,19.4775,1.8887765625,0.0017252328125,32.895092,0.013361424,89.27298114697139
0,1,569450,1132,25.895,0.0199999999999996,154.0,2.0,19.4341666666667,1.88853697916667,0.0017686348958333,32.89234,-0.0027521849,89.27298114697139
0,1,569450,1132,25.915,0.0199999999999996,156.0,2.0,19.3908333333333,1.88829739583333,0.0018120369791666,32.902706,0.010363996,89.27298114697139
0,1,569450,1132,25.935,0.0199999999999996,158.0,2.0,19.3475,1.8880578125,0.0018554390625,32.90706,0.004354149,89.27298114697139
0,1,569450,1132,25.955,0.0199999999999996,160.0,2.0,19.3041666666667,1.88781822916667,0.0018988411458333,32.929028,0.02196911,89.27298114697139
0,1,569450,1132,25.975,0.0199999999999996,162.0,2.0,19.2608333333333,1.88757864583333,0.0019422432291666,32.946327,0.017298013,89.27298114697139
0,1,569450,1132,25.995,0.0199999999999996,164.0,2.0,19.2175,1.8873390625,0.0019856453125,32.95745,0.011126101,89.27298114697139
0,1,569450,1132,26.015,0.0200000000000031,166.0,2.0,19.1741666666667,1.88709947916667,0.0020290473958333,32.9764,0.018946022,89.27298114697139
0,1,569450,1132,26.035,0.0199999999999996,168.0,2.0,19.1308333333333,1.88685989583333,0.0020724494791666,33.00336,0.026962042,89.27298114697139
0,1,569450,1132,26.04,0.004999999999999,170.0,2.0,19.12,1.8868,0.0020833,33.003963,0.0006046593,89.27298114697139
0,1,569450,1155,0.532667072263422,0.532667072263422,2.0,2.0,10.7760145918833,3.21600307197542,0.0,0.46479958,0.46479958,89.27298114697139
0,1,569450,1155,0.874683536131711,0.342016463868289,4.0,2.0,11.6880072959416,3.40800153598771,0.0,0.92959917,0.46479958,89.27298114697139
0,1,569450,1155,1.2167,0.342016463868289,6.0,2.0,12.6,3.6,0.0,1.2883332,0.35873395,89.27298114697139
0,1,569450,1155,1.2647,0.048,8.0,2.0,12.2987012987013,3.47532467532468,0.0,1.5032461,0.214913,89.27298114697139
0,1,569450,1155,1.3127,0.048,10.0,2.0,11.9974025974026,3.35064935064935,0.0,1.6644694,0.1612232,89.27298114697139
0,1,569450,1155,1.3607,0.048,12.0,2.0,11.6961038961039,3.22597402597403,0.0,1.7591748,0.09470555,89.27298114697139
0,1,569450,1155,1.4087,0.048,14.0,2.0,11.3948051948052,3.1012987012987,0.0,1.8383428,0.07916796,89.27298114697139
0,1,569450,1155,1.4567,0.0479999999999998,16.0,2.0,11.0935064935065,2.97662337662338,0.0,1.9123087,0.07396588,89.27298114697139
0,1,569450,1155,1.5047,0.048,18.0,2.0,10.7922077922078,2.85194805194805,0.0,1.9889457,0.07663697,89.27298114697139
0,1,569450,1155,1.5527,0.048,20.0,2.0,10.4909090909091,2.72727272727273,0.0,2.0666711,0.07772541,89.27298114697139
0,1,569450,1155,1.6007,0.048,22.0,2.0,10.1896103896104,2.6025974025974,0.0,2.143889,0.07721791,89.27298114697139
0,1,569450,1155,1.6487,0.048,24.0,2.0,9.88831168831169,2.47792207792208,0.0,2.2178922,0.07400307,89.27298114697139
0,1,569450,1155,1.6936981694667,0.0449981694667048,26.0,2.0,9.864747996583,2.44271244355856,0.0079426839685961,2.2873693,0.06947726,89.27298114697139
0,1,569450,1155,1.73369328804458,0.0399951185778789,28.0,2.0,10.304075987471,2.55661229304804,0.0291231745515193,2.3533325,0.06596324,89.27298114697139
0,1,569450,1155,1.77368840662246,0.0399951185778791,30.0,2.0,10.743403978359,2.67051214253753,0.0503036651344425,2.4159238,0.062591285,89.27298114697139
0,1,569450,1155,1.81368352520034,0.0399951185778791,32.0,2.0,11.182731969247,2.78441199202701,0.0714841557173657,2.4754102,0.05948633,89.27298114697139
0,1,569450,1155,1.85367864377822,0.0399951185778791,34.0,2.0,11.6220599601351,2.8983118415165,0.0926646463002888,2.532003,0.056592792,89.27298114697139
0,1,569450,1155,1.8936737623561,0.0399951185778789,36.0,2.0,12.0613879510231,3.01221169100598,0.113845136883212,2.5861366,0.054133534,89.27298114697139
0,1,569450,1155,1.93366888093398,0.0399951185778791,38.0,2.0,12.5007159419111,3.12611154049546,0.135025627466135,2.6387663,0.0526298,89.27298114697139
0,1,569450,1155,1.97366399951186,0.0399951185778791,40.0,2.0,12.9400439327991,3.24001138998495,0.156206118049058,2.6893294,0.050562978,89.27298114697139
0,1,569450,1155,2.01365911808974,0.0399951185778789,42.0,2.0,13.3793719236871,3.35391123947443,0.177386608631981,2.7375543,0.048224956,89.27298114697139
0,1,569450,1155,2.05365423666762,0.0399951185778793,44.0,2.0,13.8186999145751,3.46781108896392,0.198567099214905,2.7832813,0.045727134,89.27298114697139
0,1,569450,1155,2.09364935524549,0.0399951185778789,46.0,2.0,14.2580279054631,3.5817109384534,0.219747589797828,2.8263881,0.043106675,89.27298114697139
0,1,569450,1155,2.13364447382337,0.0399951185778793,48.0,2.0,14.6973558963511,3.69561078794289,0.240928080380751,2.8666801,0.040292054,89.27298114697139
0,1,569450,1155,2.17213735913979,0.038492885316411,50.0,2.0,15.0920989247312,3.8093376344086,0.258902543010753,2.903809,0.037129045,89.27298114697139
0,1,569450,1155,2.19414166021505,0.0220043010752686,52.0,2.0,14.9974752688172,3.92116559139785,0.241687489247312,2.9380152,0.034206152,89.27298114697139
0,1,569450,1155,2.21614596129032,0.0220043010752686,54.0,2.0,14.9028516129032,4.0329935483871,0.224472435483871,2.9695027,0.031487316,89.27298114697139
0,1,569450,1155,2.23815026236559,0.0220043010752691,56.0,2.0,14.8082279569892,4.14482150537634,0.20725738172043,2.998695,0.029192299,89.27298114697139
0,1,569450,1155,2.26015456344086,0.0220043010752686,58.0,2.0,14.7136043010753,4.25664946236559,0.190042327956989,3.0260549,0.027359843,89.27298114697139
0,1,569450,1155,2.28215886451613,0.0220043010752691,60.0,2.0,14.6189806451613,4.36847741935484,0.172827274193548,3.0518382,0.02578333,89.27298114697139
0,1,569450,1155,2.3041631655914,0.0220043010752686,62.0,2.0,14.5243569892473,4.48030537634409,0.155612220430108,3.0765262,0.024688125,89.27298114697139
0,1,569450,1155,2.32616746666667,0.0220043010752686,64.0,2.0,14.4297333333333,4.59213333333333,0.138397166666667,3.1003556,0.02382949,89.27298114697139
0,1,569450,1155,2.34817176774194,0.0220043010752691,66.0,2.0,14.3351096774194,4.70396129032258,0.121182112903226,3.123601,0.023245275,89.27298114697139
0,1,569450,1155,2.3701760688172,0.0220043010752686,68.0,2.0,14.2404860215054,4.81578924731183,0.103967059139785,3.146549,0.022947907,89.27298114697139
0,1,569450,1155,2.39218036989247,0.0220043010752686,70.0,2.0,14.1458623655914,4.92761720430108,0.0867520053763441,3.1699657,0.023416817,89.27298114697139
0,1,569450,1155,2.41418467096774,0.0220043010752691,72.0,2.0,14.0512387096774,5.03944516129032,0.0695369516129032,3.194111,0.024145514,89.27298114697139
0,1,569450,1155,2.44352211815863,0.02933744719089,74.0,2.0,13.9846636283815,5.11533637161851,0.0588681598444621,3.2187731,0.024661899,89.27298114697139
0,1,569450,1155,2.48152019484049,0.0379980766818582,76.0,2.0,13.9512146172179,5.14878538278212,0.0559306676840741,3.243683,0.024909943,89.27298114697139
0,1,569450,1155,2.51951827152235,0.0379980766818582,78.0,2.0,13.9177656060543,5.18223439394573,0.0529931755236861,3.2686832,0.025000244,89.27298114697139
0,1,569450,1155,2.55751634820421,0.0379980766818577,80.0,2.0,13.8843165948907,5.21568340510934,0.0500556833632981,3.29365,0.024966657,89.27298114697139
0,1,569450,1155,2.59551442488606,0.0379980766818582,82.0,2.0,13.8508675837271,5.24913241627294,0.0471181912029101,3.3185863,0.024936467,89.27298114697139
0,1,569450,1155,2.63351250156792,0.0379980766818582,84.0,2.0,13.8174185725634,5.28258142743655,0.0441806990425221,3.343692,0.025105596,89.27298114697139
0,1,569450,1155,2.67151057824978,0.0379980766818582,86.0,2.0,13.7839695613998,5.31603043860016,0.0412432068821341,3.3691366,0.025444537,89.27298114697139
0,1,569450,1155,2.70950865493164,0.0379980766818582,88.0,2.0,13.7505205502362,5.34947944976377,0.038305714721746,3.3947496,0.0256131,89.27298114697139
0,1,569450,1155,2.7475067316135,0.0379980766818582,90.0,2.0,13.7170715390726,5.38292846092737,0.035368222561358,3.4202836,0.025533825,89.27298114697139
0,1,569450,1155,2.78550480829535,0.0379980766818577,92.0,2.0,13.683622527909,5.41637747209098,0.03243073040097,3.445739,0.025455475,89.27298114697139
0,1,569450,1155,2.82350288497721,0.0379980766818582,94.0,2.0,13.6501735167454,5.44982648325459,0.029493238240582,3.4712636,0.025524765,89.27298114697139
0,1,569450,1155,2.86150096165907,0.0379980766818582,96.0,2.0,13.6167245055818,5.4832754944182,0.026555746080194,3.49709,0.025826454,89.27298114697139
0,1,569450,1155,2.88749979520786,0.0259988335487931,98.0,2.0,13.5590415728036,5.4692811796027,0.0302766989555601,3.5234168,0.026326567,89.27298114697139
0,1,569450,1155,2.90149938562359,0.013999590415728,100.0,2.0,13.4771247184108,5.40784353880811,0.0406560968666803,3.5502028,0.026786,89.27298114697139
0,1,569450,1155,2.91549897603932,0.013999590415728,102.0,2.0,13.395207864018,5.34640589801352,0.0510354947778005,3.5767865,0.02658385,89.27298114697139
0,1,569450,1155,2.92949856645505,0.0139995904157284,104.0,2.0,13.3132910096252,5.28496825721892,0.0614148926889207,3.6032383,0.026451677,89.27298114697139
0,1,569450,1155,2.94349815687078,0.013999590415728,106.0,2.0,13.2313741552324,5.22353061642433,0.0717942906000409,3.6297994,0.0265612,89.27298114697139
0,1,569450,1155,2.9574977472865,0.013999590415728,108.0,2.0,13.1494573008396,5.16209297562974,0.0821736885111611,3.6549344,0.025134921,89.27298114697139
0,1,569450,1155,2.97149733770223,0.013999590415728,110.0,2.0,13.0675404464469,5.10065533483514,0.0925530864222814,3.678173,0.023238659,89.27298114697139
0,1,569450,1155,2.98549692811796,0.013999590415728,112.0,2.0,12.9856235920541,5.03921769404055,0.102932484333402,3.702937,0.024763763,89.27298114697139
0,1,569450,1155,2.99949651853369,0.0139995904157284,114.0,2.0,12.9037067376613,4.97778005324596,0.113311882244522,3.7289357,0.02599901,89.27298114697139
0,1,569450,1155,3.01349610894942,0.013999590415728,116.0,2.0,12.8217898832685,4.91634241245136,0.123691280155642,3.7537684,0.024832696,89.27298114697139
0,1,569450,1155,3.02749569936514,0.013999590415728,118.0,2.0,12.7398730288757,4.85490477165677,0.134070678066762,3.774224,0.02045554,89.27298114697139
0,1,569450,1155,3.04149528978087,0.013999590415728,120.0,2.0,12.6579561744829,4.79346713086218,0.144450075977882,3.7889645,0.014740497,89.27298114697139
0,1,569450,1155,3.0554948801966,0.013999590415728,122.0,2.0,12.5760393200901,4.73202949006758,0.154829473889003,3.793174,0.0042095482,89.27298114697139
0,1,569450,1155,3.06949447061233,0.013999590415728,124.0,2.0,12.4941224656973,4.67059184927299,0.165208871800123,3.7962253,0.0030512214,89.27298114697139
0,1,569450,1155,3.08349406102806,0.0139995904157284,126.0,2.0,12.4122056113045,4.60915420847839,0.175588269711243,3.8067741,0.010548711,89.27298114697139
0,1,569450,1155,3.09749365144378,0.013999590415728,128.0,2.0,12.3302887569117,4.5477165676838,0.185967667622363,3.8201487,0.013374597,89.27298114697139
0,1,569450,1155,3.11149324185951,0.013999590415728,130.0,2.0,12.2483719025189,4.48627892688921,0.196347065533483,3.8344948,0.014346182,89.27298114697139
0,1,569450,1155,3.12549283227524,0.013999590415728,132.0,2.0,12.1664550481262,4.42484128609461,0.206726463444604,3.8646624,0.030167669,89.27298114697139
0,1,569450,1155,3.13949242269097,0.013999590415728,134.0,2.0,12.0845381937334,4.36340364530002,0.217105861355724,3.8941932,0.029530704,89.27298114697139
0,1,569450,1155,3.1534920131067,0.013999590415728,136.0,2.0,12.0026213393406,4.30196600450543,0.227485259266844,3.921896,0.027702838,89.27298114697139
0,1,569450,1155,3.16749160352242,0.0139995904157284,138.0,2.0,11.9207044849478,4.24052836371083,0.237864657177964,3.9367123,0.014816314,89.27298114697139
0,1,569450,1155,3.18149119393815,0.013999590415728,140.0,2.0,11.838787630555,4.17909072291624,0.248244055089085,3.9507535,0.014041215,89.27298114697139
0,1,569450,1155,3.19549078435388,0.013999590415728,142.0,2.0,11.7568707761622,4.11765308212165,0.258623453000205,3.962175,0.011421293,89.27298114697139
0,1,569450,1155,3.20949037476961,0.013999590415728,144.0,2.0,11.6749539217694,4.05621544132705,0.269002850911325,3.9687421,0.0065672398,89.27298114697139
0,1,569450,1155,3.2223,0.0128096252303913,146.0,2.0,11.6,4.0,0.2785,3.9559488,-0.012793243,89.27298114697139
0,1,569450,1159,0.457506329113924,0.457506329113924,2.0,2.0,13.2512658227848,2.04050632911392,0.0,0.6437384,0.6437384,89.27298114697139
0,1,569450,1159,0.83553164556962,0.378025316455696,4.0,2.0,12.8563291139241,2.20253164556962,0.0,1.1085379,0.46479958,89.27298114697139
0,1,569450,1159,1.12059875825478,0.285067112685163,6.0,2.0,12.4868030704973,2.31689563695885,0.0,1.4439079,0.33536988,89.27298114697139
0,1,569450,1159,1.16059424281763,0.0399954845628494,8.0,2.0,12.1842687813964,2.30560704408196,0.0,1.635725,0.19181722,89.27298114697139
0,1,569450,1159,1.20058972738048,0.0399954845628492,10.0,2.0,11.8817344922955,2.29431845120506,0.0,1.7981236,0.16239852,89.27298114697139
0,1,569450,1159,1.24058521194333,0.0399954845628492,12.0,2.0,11.5792002031947,2.28302985832816,0.0,1.9107103,0.1125868,89.27298114697139
0,1,569450,1159,1.28058069650618,0.0399954845628492,14.0,2.0,11.2766659140938,2.27174126545126,0.0,2.0162172,0.10550681,89.27298114697139
0,1,569450,1159,1.32057618106903,0.0399954845628494,16.0,2.0,10.9741316249929,2.26045267257436,0.0,2.1173253,0.101108015,89.27298114697139
0,1,569450,1159,1.36057166563188,0.0399954845628492,18.0,2.0,10.6715973358921,2.24916407969747,0.0,2.2147698,0.097444564,89.27298114697139
0,1,569450,1159,1.40056715019473,0.0399954845628492,20.0,2.0,10.3690630467912,2.23787548682057,0.0,2.3094285,0.09465876,89.27298114697139
0,1,569450,1159,1.44056263475758,0.0399954845628494,22.0,2.0,10.0665287576904,2.22658689394367,0.0,2.3984284,0.08899996,89.27298114697139
0,1,569450,1159,1.48472587932272,0.0441632445651434,24.0,2.0,9.90846577713972,2.22756217540008,0.0,2.4834104,0.08498189,89.27298114697139
0,1,569450,1159,1.53472799054174,0.0500021112190179,26.0,2.0,9.9528013765148,2.24571865895368,0.0,2.5659175,0.08250713,89.27298114697139
0,1,569450,1159,1.58473010176076,0.0500021112190179,28.0,2.0,9.99713697588988,2.26387514250728,0.0,2.6458325,0.07991499,89.27298114697139
0,1,569450,1159,1.63473221297977,0.0500021112190179,30.0,2.0,10.041472575265,2.28203162606089,0.0,2.722763,0.07693061,89.27298114697139
0,1,569450,1159,1.68473432419879,0.0500021112190179,32.0,2.0,10.08580817464,2.30018810961449,0.0,2.7975101,0.07474694,89.27298114697139
0,1,569450,1159,1.73473643541781,0.0500021112190177,34.0,2.0,10.1301437740151,2.3183445931681,0.0,2.8716547,0.0741446,89.27298114697139
0,1,569450,1159,1.78473854663683,0.0500021112190181,36.0,2.0,10.1744793733902,2.3365010767217,0.0,2.9452267,0.07357204,89.27298114697139
0,1,569450,1159,1.83474065785585,0.0500021112190177,38.0,2.0,10.2188149727653,2.3546575602753,0.0,3.0177548,0.072528034,89.27298114697139
0,1,569450,1159,1.88474276907486,0.0500021112190179,40.0,2.0,10.2631505721404,2.37281404382891,0.0,3.088629,0.070874214,89.27298114697139
0,1,569450,1159,1.93474488029388,0.0500021112190179,42.0,2.0,10.3074861715154,2.39097052738251,0.0,3.1572518,0.0686228,89.27298114697139
0,1,569450,1159,1.9847469915129,0.0500021112190179,44.0,2.0,10.3518217708905,2.40912701093611,0.0,3.2229314,0.06567955,89.27298114697139
0,1,569450,1159,2.03474910273192,0.0500021112190179,46.0,2.0,10.3961573702656,2.42728349448972,0.0,3.2849593,0.06202799,89.27298114697139
0,1,569450,1159,2.08475121395093,0.0500021112190177,48.0,2.0,10.4404929696407,2.44543997804332,0.0,3.3431566,0.0581972,89.27298114697139
0,1,569450,1159,2.13475332516995,0.0500021112190181,50.0,2.0,10.4848285690158,2.46359646159693,0.0,3.3979533,0.054796755,89.27298114697139
0,1,569450,1159,2.18475543638897,0.0500021112190181,52.0,2.0,10.5291641683908,2.48175294515053,0.0,3.4498796,0.051926494,89.27298114697139
0,1,569450,1159,2.23475754760799,0.0500021112190177,54.0,2.0,10.5734997677659,2.49990942870413,0.0,3.499161,0.04928136,89.27298114697139
0,1,569450,1159,2.28475965882701,0.0500021112190177,56.0,2.0,10.617835367141,2.51806591225774,0.0,3.5463107,0.0471496,89.27298114697139
0,1,569450,1159,2.33476177004602,0.0500021112190181,58.0,2.0,10.6621709665161,2.53622239581134,0.0,3.5913873,0.04507655,89.27298114697139
0,1,569450,1159,2.38476388126504,0.0500021112190177,60.0,2.0,10.7065065658911,2.55437887936495,0.0,3.6344194,0.04303214,89.27298114697139
0,1,569450,1159,2.43476599248406,0.0500021112190181,62.0,2.0,10.7508421652662,2.57253536291855,0.0,3.675427,0.04100758,89.27298114697139
0,1,569450,1159,2.48476810370308,0.0500021112190177,64.0,2.0,10.7951777646413,2.59069184647215,0.0,3.7144785,0.039051622,89.27298114697139
0,1,569450,1159,2.5347702149221,0.0500021112190181,66.0,2.0,10.8395133640164,2.60884833002576,0.0,3.751526,0.037047625,89.27298114697139
0,1,569450,1159,2.58477232614111,0.0500021112190177,68.0,2.0,10.8838489633915,2.62700481357936,0.0,3.786597,0.035070747,89.27298114697139
0,1,569450,1159,2.63477443736013,0.0500021112190177,70.0,2.0,10.9281845627665,2.64516129713296,0.0,3.8198833,0.033286422,89.27298114697139
0,1,569450,1159,2.66276901085564,0.0279945734955085,72.0,2.0,10.9226193205352,2.67896779910805,0.0,3.8522243,0.032341063,89.27298114697139
0,1,569450,1159,2.68276766232891,0.0199986514732657,74.0,2.0,10.8989237793425,2.71846036776251,0.0,3.884095,0.031870544,89.27298114697139
0,1,569450,1159,2.70276631380217,0.0199986514732653,76.0,2.0,10.8752282381498,2.75795293641696,0.0,3.9156756,0.031580687,89.27298114697139
0,1,569450,1159,2.72276496527544,0.0199986514732657,78.0,2.0,10.8515326969571,2.79744550507142,0.0,3.947284,0.031608343,89.27298114697139
0,1,569450,1159,2.7427636167487,0.0199986514732653,80.0,2.0,10.8278371557645,2.83693807372588,0.0,3.978961,0.031677037,89.27298114697139
0,1,569450,1159,2.76276226822197,0.0199986514732653,82.0,2.0,10.8041416145718,2.87643064238034,0.0,4.010644,0.031683087,89.27298114697139
0,1,569450,1159,2.78276091969523,0.0199986514732657,84.0,2.0,10.7804460733791,2.9159232110348,0.0,4.0424356,0.031791627,89.27298114697139
0,1,569450,1159,2.8027595711685,0.0199986514732653,86.0,2.0,10.7567505321864,2.95541577968926,0.0,4.0743694,0.031933695,89.27298114697139
0,1,569450,1159,2.82275822264176,0.0199986514732653,88.0,2.0,10.7330549909938,2.99490834834372,0.0,4.106484,0.032114565,89.27298114697139
0,1,569450,1159,2.84275687411503,0.0199986514732657,90.0,2.0,10.7093594498011,3.03440091699818,0.0,4.1388054,0.032321393,89.27298114697139
0,1,569450,1159,2.86275552558829,0.0199986514732653,92.0,2.0,10.6856639086084,3.07389348565264,0.0,4.171437,0.03263119,89.27298114697139
0,1,569450,1159,2.88275417706156,0.0199986514732657,94.0,2.0,10.6619683674157,3.1133860543071,0.0,4.2043447,0.03290814,89.27298114697139
0,1,569450,1159,2.90275282853483,0.0199986514732653,96.0,2.0,10.6382728262231,3.15287862296156,0.0,4.2374883,0.0331434,89.27298114697139
0,1,569450,1159,2.92275148000809,0.0199986514732653,98.0,2.0,10.6145772850304,3.19237119161602,0.0,4.2708645,0.033376306,89.27298114697139
0,1,569450,1159,2.94275013148136,0.0199986514732657,100.0,2.0,10.5908817438377,3.23186376027048,0.0,4.3044324,0.033568084,89.27298114697139
0,1,569450,1159,2.96274878295462,0.0199986514732653,102.0,2.0,10.567186202645,3.27135632892494,0.0,4.3381724,0.033739865,89.27298114697139
0,1,569450,1159,2.98274743442789,0.0199986514732653,104.0,2.0,10.5434906614524,3.31084889757939,0.0,4.372181,0.03400868,89.27298114697139
0,1,569450,1159,3.00274608590115,0.0199986514732657,106.0,2.0,10.5197951202597,3.35034146623385,0.0,4.406541,0.034359813,89.27298114697139
0,1,569450,1159,3.02274473737442,0.0199986514732653,108.0,2.0,10.496099579067,3.38983403488831,0.0,4.441271,0.034730136,89.27298114697139
0,1,569450,1159,3.04274338884768,0.0199986514732653,110.0,2.0,10.4724040378743,3.42932660354277,0.0,4.4764447,0.035173774,89.27298114697139
0,1,569450,1159,3.06274204032095,0.0199986514732657,112.0,2.0,10.4487084966817,3.46881917219723,0.0,4.5120354,0.03559041,89.27298114697139
0,1,569450,1159,3.08274069179421,0.0199986514732653,114.0,2.0,10.425012955489,3.50831174085169,0.0,4.548089,0.036053956,89.27298114697139
0,1,569450,1159,3.10273934326748,0.0199986514732657,116.0,2.0,10.4013174142963,3.54780430950615,0.0,4.584401,0.036312014,89.27298114697139
0,1,569450,1159,3.12273799474075,0.0199986514732653,118.0,2.0,10.3776218731036,3.58729687816061,0.0,4.6208673,0.03646618,89.27298114697139
0,1,569450,1159,3.14273664621401,0.0199986514732657,120.0,2.0,10.353926331911,3.62678944681507,0.0,4.65748,0.03661239,89.27298114697139
0,1,569450,1159,3.16273529768728,0.0199986514732653,122.0,2.0,10.3302307907183,3.66628201546953,0.0,4.694143,0.036663204,89.27298114697139
0,1,569450,1159,3.18273394916054,0.0199986514732653,124.0,2.0,10.3065352495256,3.70577458412399,0.0,4.730852,0.03670916,89.27298114697139
0,1,569450,1159,3.20273260063381,0.0199986514732657,126.0,2.0,10.2828397083329,3.74526715277845,0.0,4.7675934,0.036741257,89.27298114697139
0,1,569450,1159,3.22273125210707,0.0199986514732653,128.0,2.0,10.2591441671403,3.78475972143291,0.0,4.804508,0.036914647,89.27298114697139
0,1,569450,1159,3.24272990358034,0.0199986514732653,130.0,2.0,10.2354486259476,3.82425229008737,0.0,4.841769,0.037261426,89.27298114697139
0,1,569450,1159,3.2627285550536,0.0199986514732657,132.0,2.0,10.2117530847549,3.86374485874182,0.0,4.8795404,0.037770778,89.27298114697139
0,1,569450,1159,3.28272720652687,0.0199986514732653,134.0,2.0,10.1880575435622,3.90323742739628,0.0,4.9174323,0.037892222,89.27298114697139
0,1,569450,1159,3.30272585800013,0.0199986514732653,136.0,2.0,10.1643620023696,3.94272999605074,0.0,4.953891,0.036458284,89.27298114697139
0,1,569450,1159,3.3227245094734,0.0199986514732657,138.0,2.0,10.1406664611769,3.9822225647052,0.0,4.9895,0.035609365,89.27298114697139
0,1,569450,1159,3.34272316094667,0.0199986514732653,140.0,2.0,10.1169709199842,4.02171513335966,0.0,5.0238214,0.034321308,89.27298114697139
0,1,569450,1159,3.36272181241993,0.0199986514732653,142.0,2.0,10.0932753787915,4.06120770201412,0.0,5.056028,0.032206535,89.27298114697139
0,1,569450,1159,3.3827204638932,0.0199986514732657,144.0,2.0,10.0695798375989,4.10070027066858,0.0,5.088885,0.03285697,89.27298114697139
0,1,569450,1159,3.40271911536646,0.0199986514732653,146.0,2.0,10.0458842964062,4.14019283932304,0.0,5.122786,0.033901006,89.27298114697139
0,1,569450,1159,3.42271776683973,0.0199986514732653,148.0,2.0,10.0221887552135,4.1796854079775,0.0,5.1513734,0.028587341,89.27298114697139
0,1,569450,1159,3.44271641831299,0.0199986514732657,150.0,2.0,9.99849321402083,4.21917797663196,0.0,5.171971,0.020597637,89.27298114697139
0,1,569450,1159,3.46271506978626,0.0199986514732657,152.0,2.0,9.97479767282815,4.25867054528642,0.0,5.1837454,0.011774659,89.27298114697139
0,1,569450,1159,3.48271372125952,0.0199986514732653,154.0,2.0,9.95110213163547,4.29816311394088,0.0,5.196874,0.013128638,89.27298114697139
0,1,569450,1159,3.50271237273279,0.0199986514732653,156.0,2.0,9.9274065904428,4.33765568259534,0.0,5.21546,0.018585622,89.27298114697139
0,1,569450,1159,3.52271102420605,0.0199986514732653,158.0,2.0,9.90371104925012,4.3771482512498,0.0,5.239845,0.024385065,89.27298114697139
0,1,569450,1159,3.54270967567932,0.0199986514732657,160.0,2.0,9.88001550805745,4.41664081990425,0.0,5.2624993,0.022654384,89.27298114697139
0,1,569450,1159,3.56270832715259,0.0199986514732653,162.0,2.0,9.85631996686477,4.45613338855871,0.0,5.298113,0.035613775,89.27298114697139
0,1,569450,1159,3.58270697862585,0.0199986514732657,164.0,2.0,9.8326244256721,4.49562595721317,0.0,5.3296494,0.03153628,89.27298114697139
0,1,569450,1159,3.60270563009912,0.0199986514732653,166.0,2.0,9.80892888447942,4.53511852586763,0.0,5.364743,0.035093665,89.27298114697139
0,1,569450,1159,3.62270428157238,0.0199986514732653,168.0,2.0,9.78523334328674,4.57461109452209,0.0,5.3876224,0.022879303,89.27298114697139
0,1,569450,1159,3.64270293304565,0.0199986514732657,170.0,2.0,9.76153780209407,4.61410366317655,0.0,5.4077716,0.020149171,89.27298114697139
0,1,569450,1159,3.66270158451891,0.0199986514732653,172.0,2.0,9.7378422609014,4.65359623183101,0.0,5.4170914,0.0093199015,89.27298114697139
0,1,569450,1159,3.68270023599218,0.0199986514732653,174.0,2.0,9.71414671970872,4.69308880048547,0.0,5.4276075,0.010516137,89.27298114697139
0,1,569450,1159,3.6862,0.0034997640078215,176.0,2.0,9.71,4.7,0.0,5.4021573,-0.025449991,89.27298114697139
0,1,569450,1192,0.736012917462128,0.736012917462128,2.0,2.0,8.02561921999355,5.4552143579699,0.0,1.8025334,1.8025334,89.27298114697139
0,1,569450,1192,1.86203875238638,1.12602583492426,4.0,2.0,7.87685765998066,5.5298430739097,0.0,2.5393546,0.7368212,89.27298114697139
0,1,569450,1192,2.50083333933498,0.638794586948598,6.0,2.0,7.61058849695769,5.47209704877752,2.7109905315166e-05,3.1601439,0.6207894,89.27298114697139
0,1,569450,1192,2.61882928292655,0.117995943591563,8.0,2.0,7.21871614143415,5.27285643385565,8.31974305353294e-05,3.5273545,0.36721048,89.27298114697139
0,1,569450,1192,2.73682522651811,0.117995943591563,10.0,2.0,6.8268437859106,5.07361581893379,0.0001392849557554,3.8414493,0.31409493,89.27298114697139
0,1,569450,1192,2.85482117010967,0.117995943591563,12.0,2.0,6.43497143038705,4.87437520401193,0.0001953724809756,4.097845,0.25639546,89.27298114697139
0,1,569450,1192,2.97281711370123,0.117995943591563,14.0,2.0,6.04309907486351,4.67513458909006,0.0002514600061958,4.34725,0.2494049,89.27298114697139
0,1,569450,1192,3.0908130572928,0.117995943591563,16.0,2.0,5.65122671933996,4.4758939741682,0.0003075475314159,4.5965858,0.24933618,89.27298114697139
0,1,569450,1192,3.20880900088436,0.117995943591563,18.0,2.0,5.25935436381641,4.27665335924633,0.0003636350566361,4.846828,0.25024217,89.27298114697139
0,1,569450,1192,3.32680494447592,0.117995943591563,20.0,2.0,4.86748200829287,4.07741274432447,0.0004197225818563,5.090506,0.24367784,89.27298114697139
0,1,569450,1192,3.44480088806749,0.117995943591563,22.0,2.0,4.47560965276932,3.87817212940261,0.0004758101070764,5.3238797,0.23337372,89.27298114697139
0,1,569450,1192,3.56213309776207,0.117332209694586,24.0,2.0,4.10057507101781,3.68611800388,0.0005290433787154,5.5438337,0.21995385,89.27298114697139
0,1,569450,1192,3.66413545347468,0.102002355712603,26.0,2.0,4.114432203977,3.66004580821728,0.000516353709208,5.7500014,0.20616806,89.27298114697139
0,1,569450,1192,3.76613780918728,0.102002355712603,28.0,2.0,4.12828933693619,3.63397361255456,0.0005036640397006,5.9442863,0.1942848,89.27298114697139
0,1,569450,1192,3.86814016489988,0.102002355712603,30.0,2.0,4.14214646989538,3.60790141689185,0.0004909743701933,6.1299286,0.18564233,89.27298114697139
0,1,569450,1192,3.97014252061249,0.102002355712603,32.0,2.0,4.15600360285457,3.58182922122913,0.0004782847006859,6.310682,0.18075329,89.27298114697139
0,1,569450,1192,4.07214487632509,0.102002355712604,34.0,2.0,4.16986073581376,3.55575702556641,0.0004655950311785,6.48748,0.17679825,89.27298114697139
0,1,569450,1192,4.17414723203769,0.102002355712603,36.0,2.0,4.18371786877295,3.52968482990369,0.0004529053616711,6.65936,0.17187986,89.27298114697139
0,1,569450,1192,4.27614958775029,0.102002355712603,38.0,2.0,4.19757500173214,3.50361263424098,0.0004402156921637,6.8254175,0.16605759,89.27298114697139
0,1,569450,1192,4.3781519434629,0.102002355712603,40.0,2.0,4.21143213469133,3.47754043857826,0.0004275260226564,6.98451,0.15909207,89.27298114697139
0,1,569450,1192,4.4801542991755,0.102002355712603,42.0,2.0,4.22528926765052,3.45146824291554,0.000414836353149,7.1363497,0.15184012,89.27298114697139
0,1,569450,1192,4.5821566548881,0.102002355712603,44.0,2.0,4.23914640060971,3.42539604725282,0.0004021466836416,7.2810297,0.14467984,89.27298114697139
0,1,569450,1192,4.68415901060071,0.102002355712603,46.0,2.0,4.2530035335689,3.39932385159011,0.0003894570141342,7.4190955,0.1380656,89.27298114697139
0,1,569450,1192,4.78616136631331,0.102002355712603,48.0,2.0,4.2668606665281,3.37325165592739,0.0003767673446268,7.550902,0.13180661,89.27298114697139
0,1,569450,1192,4.88816372202591,0.102002355712603,50.0,2.0,4.28071779948729,3.34717946026467,0.0003640776751195,7.6764965,0.12559476,89.27298114697139
0,1,569450,1192,4.99016607773852,0.102002355712602,52.0,2.0,4.29457493244648,3.32110726460195,0.0003513880056121,7.7962213,0.11972436,89.27298114697139
0,1,569450,1192,5.06539104270908,0.0752249649705625,54.0,2.0,4.4359229807005,3.25362205593281,0.0003275854244102,7.910019,0.11379781,89.27298114697139
0,1,569450,1192,5.1233878261258,0.0579967834167263,56.0,2.0,4.65929681915654,3.15949232040743,0.0002966329583631,8.017764,0.1077452,89.27298114697139
0,1,569450,1192,5.18138460954253,0.0579967834167263,58.0,2.0,4.88267065761258,3.06536258488206,0.0002656804923159,8.120214,0.10245016,89.27298114697139
0,1,569450,1192,5.23938139295926,0.0579967834167254,60.0,2.0,5.10604449606862,2.97123284935668,0.0002347280262687,8.21823,0.098015934,89.27298114697139
0,1,569450,1192,5.29737817637598,0.0579967834167263,62.0,2.0,5.32941833452466,2.87710311383131,0.0002037755602215,8.312167,0.09393662,89.27298114697139
0,1,569450,1192,5.35537495979271,0.0579967834167263,64.0,2.0,5.5527921729807,2.78297337830593,0.0001728230941744,8.402516,0.09034988,89.27298114697139
0,1,569450,1192,5.41337174320944,0.0579967834167263,66.0,2.0,5.77616601143674,2.68884364278056,0.0001418706281272,8.489568,0.087051064,89.27298114697139
0,1,569450,1192,5.47136852662616,0.0579967834167263,68.0,2.0,5.99953984989278,2.59471390725518,0.00011091816208,8.573451,0.08388287,89.27298114697139
0,1,569450,1192,5.52936531004289,0.0579967834167263,70.0,2.0,6.22291368834882,2.50058417172981,7.99656960328807e-05,8.654293,0.08084285,89.27298114697139
0,1,569450,1192,5.58736209345961,0.0579967834167263,72.0,2.0,6.44628752680486,2.40645443620443,4.90132299857041e-05,8.732575,0.0782817,89.27298114697139
0,1,569450,1192,5.64535887687634,0.0579967834167263,74.0,2.0,6.6696613652609,2.31232470067906,1.80607639385275e-05,8.808538,0.07596308,89.27298114697139
0,1,569450,1192,5.68336481511623,0.0380059382398867,76.0,2.0,6.81972093573828,2.27038500362517,1.82381678824556e-05,8.882371,0.07383263,89.27298114697139
0,1,569450,1192,5.69336437121761,0.0099995561013868,78.0,2.0,6.86707012118432,2.3015614829173,6.20272864477753e-05,8.954368,0.07199702,89.27298114697139
0,1,569450,1192,5.703363927319,0.0099995561013859,80.0,2.0,6.91441930663037,2.33273796220943,0.000105816405013,9.024571,0.07020345,89.27298114697139
0,1,569450,1192,5.71336348342039,0.0099995561013868,82.0,2.0,6.96176849207641,2.36391444150156,0.0001496055235784,9.092874,0.06830245,89.27298114697139
0,1,569450,1192,5.72336303952177,0.0099995561013868,84.0,2.0,7.00911767752245,2.39509092079369,0.0001933946421437,9.159477,0.06660345,89.27298114697139
0,1,569450,1192,5.73336259562316,0.0099995561013859,86.0,2.0,7.0564668629685,2.42626740008582,0.000237183760709,9.224209,0.06473118,89.27298114697139
0,1,569450,1192,5.74336215172455,0.0099995561013868,88.0,2.0,7.10381604841454,2.45744387937795,0.0002809728792743,9.286975,0.062766165,89.27298114697139
0,1,569450,1192,5.75336170782593,0.0099995561013859,90.0,2.0,7.15116523386059,2.48862035867008,0.0003247619978396,9.347882,0.060907483,89.27298114697139
0,1,569450,1192,5.76336126392732,0.0099995561013868,92.0,2.0,7.19851441930663,2.51979683796221,0.000368551116405,9.407162,0.059280008,89.27298114697139
0,1,569450,1192,5.77336082002871,0.0099995561013868,94.0,2.0,7.24586360475267,2.55097331725434,0.0004123402349703,9.465128,0.057965785,89.27298114697139
0,1,569450,1192,5.78336037613009,0.0099995561013859,96.0,2.0,7.29321279019872,2.58214979654647,0.0004561293535356,9.52211,0.056981713,89.27298114697139
0,1,569450,1192,5.79335993223148,0.0099995561013868,98.0,2.0,7.34056197564476,2.6133262758386,0.0004999184721009,9.5779,0.055790246,89.27298114697139
0,1,569450,1192,5.80335948833286,0.0099995561013859,100.0,2.0,7.38791116109081,2.64450275513073,0.0005437075906662,9.631832,0.053932488,89.27298114697139
0,1,569450,1192,5.81335904443425,0.0099995561013868,102.0,2.0,7.43526034653685,2.67567923442286,0.0005874967092316,9.683546,0.051713556,89.27298114697139
0,1,569450,1192,5.82335860053564,0.0099995561013868,104.0,2.0,7.4826095319829,2.70685571371499,0.0006312858277969,9.73271,0.049164087,89.27298114697139
0,1,569450,1192,5.83335815663702,0.0099995561013859,106.0,2.0,7.52995871742894,2.73803219300712,0.0006750749463622,9.779186,0.046476066,89.27298114697139
0,1,569450,1192,5.84335771273841,0.0099995561013868,108.0,2.0,7.57730790287498,2.76920867229925,0.0007188640649275,9.823129,0.04394272,89.27298114697139
0,1,569450,1192,5.8533572688398,0.0099995561013859,110.0,2.0,7.62465708832103,2.80038515159138,0.0007626531834928,9.866336,0.04320702,89.27298114697139
0,1,569450,1192,5.86335682494118,0.0099995561013868,112.0,2.0,7.67200627376707,2.83156163088351,0.0008064423020582,9.913041,0.046705008,89.27298114697139
0,1,569450,1192,5.87335638104257,0.0099995561013868,114.0,2.0,7.71935545921312,2.86273811017564,0.0008502314206235,9.961885,0.048844784,89.27298114697139
0,1,569450,1192,5.88335593714396,0.0099995561013859,116.0,2.0,7.76670464465916,2.89391458946777,0.0008940205391888,9.996926,0.03504041,89.27298114697139
0,1,569450,1192,5.89335549324534,0.0099995561013868,118.0,2.0,7.8140538301052,2.9250910687599,0.0009378096577541,10.019639,0.022712916,89.27298114697139
0,1,569450,1192,5.90335504934673,0.0099995561013859,120.0,2.0,7.86140301555125,2.95626754805203,0.0009815987763194,10.039266,0.019626498,89.27298114697139
0,1,569450,1192,5.91335460544812,0.0099995561013868,122.0,2.0,7.90875220099729,2.98744402734415,0.0010253878948848,10.066928,0.027662396,89.27298114697139
0,1,569450,1192,5.9233541615495,0.0099995561013868,124.0,2.0,7.95610138644334,3.01862050663628,0.0010691770134501,10.094502,0.027574688,89.27298114697139
0,1,569450,1192,5.93335371765089,0.0099995561013859,126.0,2.0,8.00345057188938,3.04979698592841,0.0011129661320154,10.121834,0.027330935,89.27298114697139
0,1,569450,1192,5.94335327375228,0.0099995561013868,128.0,2.0,8.05079975733542,3.08097346522054,0.0011567552505807,10.146688,0.024855137,89.27298114697139
0,1,569450,1192,5.95335282985366,0.0099995561013859,130.0,2.0,8.09814894278147,3.11214994451267,0.001200544369146,10.186533,0.039844662,89.27298114697139
0,1,569450,1192,5.96335238595505,0.0099995561013868,132.0,2.0,8.14549812822751,3.1433264238048,0.0012443334877114,10.204279,0.017745465,89.27298114697139
0,1,569450,1192,5.97335194205643,0.0099995561013868,134.0,2.0,8.19284731367356,3.17450290309693,0.0012881226062767,10.233749,0.029470384,89.27298114697139
0,1,569450,1192,5.98335149815782,0.0099995561013859,136.0,2.0,8.2401964991196,3.20567938238906,0.001331911724842,10.259259,0.025510192,89.27298114697139
0,1,569450,1192,5.99335105425921,0.0099995561013868,138.0,2.0,8.28754568456564,3.23685586168119,0.0013757008434073,10.305812,0.046552896,89.27298114697139
0,1,569450,1192,6.00335061036059,0.0099995561013859,140.0,2.0,8.33489487001169,3.26803234097332,0.0014194899619726,10.345938,0.0401254,89.27298114697139
0,1,569450,1192,6.01335016646198,0.0099995561013868,142.0,2.0,8.38224405545773,3.29920882026545,0.001463279080538,10.378421,0.0324831,89.27298114697139
0,1,569450,1192,6.0171,0.0037498335380199,144.0,2.0,8.4,3.3109,0.0014797,10.379197,0.0007765591,89.27298114697139
0,1,569450,1194,1.1829074835,1.1829074835,2.0,2.0,3.939145,3.6455032225,0.519264571,2.0181155,2.0181155,89.27298114697139
0,1,569450,1194,1.6388974835,0.45599,4.0,2.0,5.239145,4.1271532225,0.175004571,2.5780497,0.5599342,89.27298114697139
0,1,569450,1194,1.88446599402503,0.245568510525027,6.0,2.0,5.88528750193264,4.27388235038877,0.0,3.2481966,0.6701469,89.27298114697139
0,1,569450,1194,1.91246557507868,0.0279995810536502,8.0,2.0,5.85536276265193,4.07431426412572,0.0,3.7018423,0.4536458,89.27298114697139
0,1,569450,1194,1.94046515613233,0.02799958105365,10.0,2.0,5.82543802337122,3.87474617786268,0.0,4.101066,0.39922386,89.27298114697139
0,1,569450,1194,1.96846473718598,0.0279995810536502,12.0,2.0,5.79551328409051,3.67517809159963,0.0,4.408093,0.30702674,89.27298114697139
0,1,569450,1194,1.99646431823963,0.0279995810536502,14.0,2.0,5.7655885448098,3.47561000533658,0.0,4.6923795,0.2842866,89.27298114697139
0,1,569450,1194,2.02446389929328,0.02799958105365,16.0,2.0,5.73566380552909,3.27604191907353,0.0,4.981489,0.28910983,89.27298114697139
0,1,569450,1194,2.05246348034693,0.02799958105365,18.0,2.0,5.70573906624838,3.07647383281048,0.0,5.2818856,0.30039623,89.27298114697139
0,1,569450,1194,2.08046306140058,0.0279995810536504,20.0,2.0,5.67581432696768,2.87690574654743,0.0,5.578511,0.29662567,89.27298114697139
0,1,569450,1194,2.10846264245423,0.02799958105365,22.0,2.0,5.64588958768697,2.67733766028439,0.0,5.8590384,0.28052685,89.27298114697139
0,1,569450,1194,2.13646222350788,0.02799958105365,24.0,2.0,5.61596484840626,2.47776957402134,0.0,6.12824,0.26920187,89.27298114697139
0,1,569450,1194,2.29415269347202,0.15769046996414,26.0,2.0,5.63621050997438,2.39008239152371,0.0,6.391843,0.26360255,89.27298114697139
0,1,569450,1194,2.60016061088256,0.306007917410541,28.0,2.0,5.7138321819452,2.43034475277498,0.0,6.655499,0.26365638,89.27298114697139
0,1,569450,1194,2.9061685282931,0.306007917410541,30.0,2.0,5.79145385391601,2.47060711402624,0.0,6.92019,0.26469076,89.27298114697139
0,1,569450,1194,3.21217644570364,0.306007917410541,32.0,2.0,5.86907552588683,2.5108694752775,0.0,7.1826015,0.26241165,89.27298114697139
0,1,569450,1194,3.51818436311418,0.306007917410541,34.0,2.0,5.94669719785764,2.55113183652876,0.0,7.4405003,0.2578987,89.27298114697139
0,1,569450,1194,3.82419228052472,0.306007917410541,36.0,2.0,6.02431886982846,2.59139419778002,0.0,7.6922975,0.2517975,89.27298114697139
0,1,569450,1194,4.13020019793526,0.306007917410541,38.0,2.0,6.10194054179927,2.63165655903128,0.0,7.935156,0.24285845,89.27298114697139
0,1,569450,1194,4.4362081153458,0.306007917410541,40.0,2.0,6.17956221377008,2.67191892028254,0.0,8.167407,0.23225093,89.27298114697139
0,1,569450,1194,4.74221603275635,0.306007917410541,42.0,2.0,6.2571838857409,2.7121812815338,0.0,8.388815,0.22140837,89.27298114697139
0,1,569450,1194,5.04822395016689,0.306007917410541,44.0,2.0,6.33480555771171,2.75244364278507,0.0,8.599443,0.21062854,89.27298114697139
0,1,569450,1194,5.35423186757743,0.306007917410541,46.0,2.0,6.41242722968253,2.79270600403633,0.0,8.801252,0.20180845,89.27298114697139
0,1,569450,1194,5.66023978498797,0.306007917410541,48.0,2.0,6.49004890165334,2.83296836528759,0.0,8.995488,0.19423625,89.27298114697139
0,1,569450,1194,5.96624770239851,0.306007917410541,50.0,2.0,6.56767057362416,2.87323072653885,0.0,9.18271,0.18722087,89.27298114697139
0,1,569450,1194,6.20923233749645,0.242984635097942,52.0,2.0,6.65382841328413,2.96977784913426,0.0,9.363376,0.18066624,89.27298114697139
0,1,569450,1194,6.40723120210048,0.197998864604031,54.0,2.0,6.74607933579336,3.10650081251774,0.0,9.538016,0.17464018,89.27298114697139
0,1,569450,1194,6.60523006670451,0.19799886460403,56.0,2.0,6.83833025830258,3.24322377590122,0.0,9.707179,0.16916308,89.27298114697139
0,1,569450,1194,6.80322893130854,0.19799886460403,58.0,2.0,6.93058118081181,3.3799467392847,0.0,9.870821,0.16364214,89.27298114697139
0,1,569450,1194,7.00122779591258,0.197998864604031,60.0,2.0,7.02283210332103,3.51666970266818,0.0,10.028575,0.15775374,89.27298114697139
0,1,569450,1194,7.19922666051661,0.197998864604031,62.0,2.0,7.11508302583026,3.65339266605166,0.0,10.180807,0.15223229,89.27298114697139
0,1,569450,1194,7.39722552512064,0.19799886460403,64.0,2.0,7.20733394833948,3.79011562943514,0.0,10.328366,0.14755931,89.27298114697139
0,1,569450,1194,7.59522438972467,0.19799886460403,66.0,2.0,7.29958487084871,3.92683859281862,0.0,10.471695,0.14332828,89.27298114697139
0,1,569450,1194,7.7932232543287,0.197998864604031,68.0,2.0,7.39183579335793,4.0635615562021,0.0,10.611384,0.1396893,89.27298114697139
0,1,569450,1194,7.99122211893273,0.19799886460403,70.0,2.0,7.48408671586716,4.20028451958558,0.0,10.748109,0.13672465,89.27298114697139
0,1,569450,1194,8.18922098353676,0.197998864604032,72.0,2.0,7.57633763837638,4.33700748296906,0.0,10.882358,0.13424921,89.27298114697139
0,1,569450,1194,8.38721984814079,0.197998864604029,74.0,2.0,7.66858856088561,4.47373044635254,0.0,11.014286,0.13192827,89.27298114697139
0,1,569450,1194,8.58521871274482,0.197998864604031,76.0,2.0,7.76083948339483,4.61045340973602,0.0,11.1445055,0.13021967,89.27298114697139
0,1,569450,1194,8.78321757734885,0.197998864604031,78.0,2.0,7.85309040590406,4.7471763731195,0.0,11.273389,0.12888288,89.27298114697139
0,1,569450,1194,8.9251795776268,0.141962000277946,80.0,2.0,7.87738600984617,4.78206742787909,9.24912197291539e-06,11.401007,0.12761837,89.27298114697139
0,1,569450,1194,9.00916651074337,0.0839869331165737,82.0,2.0,7.8313758569391,4.71160441237366,2.8067274511909e-05,11.527304,0.12629697,89.27298114697139
0,1,569450,1194,9.09315344385995,0.0839869331165737,84.0,2.0,7.78536570403202,4.64114139686824,4.68854270509026e-05,11.6519785,0.12467438,89.27298114697139
0,1,569450,1194,9.17714037697652,0.0839869331165755,86.0,2.0,7.73935555112495,4.57067838136282,6.57035795898962e-05,11.77497,0.12299192,89.27298114697139
0,1,569450,1194,9.26112731009309,0.0839869331165737,88.0,2.0,7.69334539821787,4.5002153658574,8.45217321288898e-05,11.896582,0.121611476,89.27298114697139
0,1,569450,1194,9.34511424320967,0.0839869331165737,90.0,2.0,7.6473352453108,4.42975235035198,0.0001033398846678,12.017146,0.12056422,89.27298114697139
0,1,569450,1194,9.42910117632624,0.0839869331165755,92.0,2.0,7.60132509240372,4.35928933484656,0.0001221580372068,12.136586,0.11943972,89.27298114697139
0,1,569450,1194,9.51308810944282,0.0839869331165737,94.0,2.0,7.55531493949665,4.28882631934113,0.0001409761897458,12.254788,0.11820227,89.27298114697139
0,1,569450,1194,9.59707504255939,0.0839869331165755,96.0,2.0,7.50930478658957,4.21836330383571,0.0001597943422848,12.371537,0.116749585,89.27298114697139
0,1,569450,1194,9.68106197567597,0.0839869331165737,98.0,2.0,7.4632946336825,4.14790028833029,0.0001786124948238,12.486293,0.11475548,89.27298114697139
0,1,569450,1194,9.76504890879254,0.0839869331165737,100.0,2.0,7.41728448077542,4.07743727282487,0.0001974306473628,12.598195,0.11190224,89.27298114697139
0,1,569450,1194,9.84903584190912,0.0839869331165755,102.0,2.0,7.37127432786835,4.00697425731945,0.0002162487999018,12.7063675,0.108172655,89.27298114697139
0,1,569450,1194,9.93302277502569,0.0839869331165737,104.0,2.0,7.32526417496127,3.93651124181403,0.0002350669524408,12.810401,0.104032665,89.27298114697139
0,1,569450,1194,10.0170097081423,0.0839869331165755,106.0,2.0,7.2792540220542,3.86604822630861,0.0002538851049798,12.910316,0.09991625,89.27298114697139
0,1,569450,1194,10.1009966412588,0.0839869331165737,108.0,2.0,7.23324386914713,3.79558521080318,0.0002727032575188,13.006728,0.096411556,89.27298114697139
0,1,569450,1194,10.1849835743754,0.0839869331165737,110.0,2.0,7.18723371624005,3.72512219529776,0.0002915214100578,13.101131,0.09440264,89.27298114697139
0,1,569450,1194,10.268970507492,0.0839869331165755,112.0,2.0,7.14122356333298,3.65465917979234,0.0003103395625968,13.197119,0.09598762,89.27298114697139
0,1,569450,1194,10.3529574406086,0.0839869331165737,114.0,2.0,7.0952134104259,3.58419616428692,0.0003291577151358,13.296465,0.09934658,89.27298114697139
0,1,569450,1194,10.4369443737251,0.0839869331165737,116.0,2.0,7.04920325751883,3.5137331487815,0.0003479758676748,13.394999,0.09853366,89.27298114697139
0,1,569450,1194,10.5209313068417,0.0839869331165755,118.0,2.0,7.00319310461175,3.44327013327608,0.0003667940202137,13.4856,0.09060183,89.27298114697139
0,1,569450,1194,10.6049182399583,0.0839869331165737,120.0,2.0,6.95718295170468,3.37280711777065,0.0003856121727527,13.567028,0.08142683,89.27298114697139
0,1,569450,1194,10.6889051730749,0.0839869331165755,122.0,2.0,6.9111727987976,3.30234410226523,0.0004044303252917,13.6448145,0.07778737,89.27298114697139
0,1,569450,1194,10.7728921061914,0.0839869331165737,124.0,2.0,6.86516264589053,3.23188108675981,0.0004232484778307,13.723442,0.07862696,89.27298114697139
0,1,569450,1194,10.856879039308,0.0839869331165737,126.0,2.0,6.81915249298345,3.16141807125439,0.0004420666303697,13.806499,0.08305696,89.27298114697139
0,1,569450,1194,10.9408659724246,0.0839869331165755,128.0,2.0,6.77314234007638,3.09095505574897,0.0004608847829087,13.894064,0.08756536,89.27298114697139
0,1,569450,1194,11.0248529055412,0.0839869331165737,130.0,2.0,6.7271321871693,3.02049204024355,0.0004797029354477,13.974182,0.080117464,89.27298114697139
0,1,569450,1194,11.1088398386577,0.0839869331165737,132.0,2.0,6.68112203426223,2.95002902473813,0.0004985210879867,14.064329,0.09014723,89.27298114697139
0,1,569450,1194,11.1928267717743,0.0839869331165755,134.0,2.0,6.63511188135515,2.8795660092327,0.0005173392405257,14.128775,0.064445466,89.27298114697139
0,1,569450,1194,11.2768137048909,0.0839869331165737,136.0,2.0,6.58910172844808,2.80910299372728,0.0005361573930647,14.208118,0.07934445,89.27298114697139
0,1,569450,1194,11.3608006380075,0.0839869331165755,138.0,2.0,6.543091575541,2.73863997822186,0.0005549755456037,14.2771015,0.06898275,89.27298114697139
0,1,569450,1194,11.444787571124,0.0839869331165737,140.0,2.0,6.49708142263393,2.66817696271644,0.0005737936981427,14.369525,0.09242362,89.27298114697139
0,1,569450,1194,11.5287745042406,0.0839869331165737,142.0,2.0,6.45107126972685,2.59771394721102,0.0005926118506817,14.456379,0.08685383,89.27298114697139
0,1,569450,1194,11.6127614373572,0.0839869331165755,144.0,2.0,6.40506111681978,2.5272509317056,0.0006114300032207,14.534222,0.077842236,89.27298114697139
0,1,569450,1194,11.622,0.0092385626428228,146.0,2.0,6.4,2.5195,0.0006135,14.565685,0.031463772,89.27298114697139
0,1,569450,1200,2.002,2.002,2.0,2.0,4.95,4.927825,0.18125,0.7847427,0.7847427,89.27298114697139
0,1,569450,1200,2.264,0.262,4.0,2.0,4.45,4.557275,0.14375,1.2076871,0.42294437,89.27298114697139
0,1,569450,1200,2.40900175252502,0.145001752525019,6.0,2.0,4.26917861919476,4.28998182908269,0.119235115067103,1.6281894,0.42050236,89.27298114697139
0,1,569450,1200,2.43700525757506,0.0280035050500391,8.0,2.0,4.40753585758428,4.12594548724807,0.10770534520131,1.9990561,0.3708666,89.27298114697139
0,1,569450,1200,2.4650087626251,0.0280035050500391,10.0,2.0,4.5458930959738,3.96190914541346,0.0961755753355163,2.3257246,0.32666856,89.27298114697139
0,1,569450,1200,2.49301226767514,0.0280035050500396,12.0,2.0,4.68425033436333,3.79787280357884,0.0846458054697228,2.5607765,0.23505183,89.27298114697139
0,1,569450,1200,2.52101577272518,0.0280035050500391,14.0,2.0,4.82260757275285,3.63383646174422,0.0731160356039293,2.7817645,0.22098815,89.27298114697139
0,1,569450,1200,2.54901927777522,0.0280035050500391,16.0,2.0,4.96096481114237,3.46980011990961,0.0615862657381359,3.0059385,0.2241739,89.27298114697139
0,1,569450,1200,2.57702278282525,0.0280035050500391,18.0,2.0,5.09932204953189,3.30576377807499,0.0500564958723424,3.234585,0.22864662,89.27298114697139
0,1,569450,1200,2.60502628787529,0.0280035050500391,20.0,2.0,5.23767928792141,3.14172743624037,0.0385267260065489,3.4570494,0.22246438,89.27298114697139
0,1,569450,1200,2.63302979292533,0.0280035050500391,22.0,2.0,5.37603652631094,2.97769109440576,0.0269969561407554,3.67257,0.21552055,89.27298114697139
0,1,569450,1200,2.66103329797537,0.0280035050500391,24.0,2.0,5.51439376470046,2.81365475257114,0.0154671862749619,3.882256,0.20968592,89.27298114697139
0,1,569450,1200,2.68903680302541,0.0280035050500391,26.0,2.0,5.65275100308998,2.64961841073652,0.0039374164091684,4.0898285,0.20757243,89.27298114697139
0,1,569450,1200,2.76312877411374,0.0740919710883241,28.0,2.0,5.74582286310743,2.60869099625005,0.0,4.2939353,0.20410678,89.27298114697139
0,1,569450,1200,2.86112235667066,0.097993582556926,30.0,2.0,5.81540959523717,2.63160822669811,0.0,4.4929886,0.19905332,89.27298114697139
0,1,569450,1200,2.95911593922759,0.097993582556926,32.0,2.0,5.88499632736692,2.65452545714617,0.0,4.682872,0.18988326,89.27298114697139
0,1,569450,1200,3.05710952178451,0.0979935825569256,34.0,2.0,5.95458305949666,2.67744268759423,0.0,4.8635197,0.18064773,89.27298114697139
0,1,569450,1200,3.15510310434144,0.097993582556926,36.0,2.0,6.0241697916264,2.70035991804229,0.0,5.0351677,0.171648,89.27298114697139
0,1,569450,1200,3.25309668689836,0.0979935825569256,38.0,2.0,6.09375652375614,2.72327714849035,0.0,5.198319,0.16315147,89.27298114697139
0,1,569450,1200,3.35109026945529,0.097993582556926,40.0,2.0,6.16334325588588,2.74619437893842,0.0,5.353203,0.15488374,89.27298114697139
0,1,569450,1200,3.44908385201222,0.097993582556926,42.0,2.0,6.23292998801562,2.76911160938648,0.0,5.500776,0.14757314,89.27298114697139
0,1,569450,1200,3.54707743456914,0.0979935825569256,44.0,2.0,6.30251672014536,2.79202883983454,0.0,5.641561,0.14078504,89.27298114697139
0,1,569450,1200,3.64507101712607,0.097993582556926,46.0,2.0,6.3721034522751,2.8149460702826,0.0,5.7746234,0.13306248,89.27298114697139
0,1,569450,1200,3.74306459968299,0.097993582556926,48.0,2.0,6.44169018440484,2.83786330073066,0.0,5.9010034,0.1263802,89.27298114697139
0,1,569450,1200,3.84105818223992,0.0979935825569256,50.0,2.0,6.51127691653458,2.86078053117872,0.0,6.020621,0.11961749,89.27298114697139
0,1,569450,1200,3.93905176479685,0.0979935825569256,52.0,2.0,6.58086364866432,2.88369776162678,0.0,6.1336827,0.113061756,89.27298114697139
0,1,569450,1200,3.98340020507018,0.0443484402733381,54.0,2.0,6.6666478096383,2.98877718063855,0.0,6.2406178,0.106935024,89.27298114697139
0,1,569450,1200,4.00740048792561,0.0240002828554253,56.0,2.0,6.7585758229325,3.1250215677262,0.0,6.342529,0.10191107,89.27298114697139
0,1,569450,1200,4.03140077078104,0.0240002828554262,58.0,2.0,6.85050383622671,3.26126595481385,0.0,6.4401207,0.09759164,89.27298114697139
0,1,569450,1200,4.05540105363646,0.0240002828554253,60.0,2.0,6.94243184952091,3.3975103419015,0.0,6.533749,0.09362835,89.27298114697139
0,1,569450,1200,4.07940133649189,0.0240002828554253,62.0,2.0,7.03435986281512,3.53375472898915,0.0,6.623911,0.09016192,89.27298114697139
0,1,569450,1200,4.10340161934731,0.0240002828554253,64.0,2.0,7.12628787610932,3.6699991160768,0.0,6.7110076,0.08709693,89.27298114697139
0,1,569450,1200,4.12740190220274,0.0240002828554253,66.0,2.0,7.21821588940353,3.80624350316445,0.0,6.795533,0.084525496,89.27298114697139
0,1,569450,1200,4.15140218505816,0.0240002828554253,68.0,2.0,7.31014390269773,3.9424878902521,0.0,6.877872,0.08233896,89.27298114697139
0,1,569450,1200,4.17540246791359,0.0240002828554262,70.0,2.0,7.40207191599194,4.07873227733974,0.0,6.9584937,0.08062142,89.27298114697139
0,1,569450,1200,4.19940275076901,0.0240002828554253,72.0,2.0,7.49399992928614,4.21497666442739,0.0,7.0380054,0.07951191,89.27298114697139
0,1,569450,1200,4.22340303362444,0.0240002828554253,74.0,2.0,7.58592794258035,4.35122105151504,0.0,7.116925,0.07891941,89.27298114697139
0,1,569450,1200,4.24740331647986,0.0240002828554253,76.0,2.0,7.67785595587455,4.48746543860269,0.0,7.1957664,0.07884157,89.27298114697139
0,1,569450,1200,4.27140359933529,0.0240002828554253,78.0,2.0,7.76978396916876,4.62370982569034,0.0,7.2746205,0.078854114,89.27298114697139
0,1,569450,1200,4.29540388219071,0.0240002828554253,80.0,2.0,7.86171198246296,4.75995421277799,0.0,7.353512,0.07889131,89.27298114697139
0,1,569450,1200,4.31473713478281,0.0193332525920917,82.0,2.0,7.8734035279639,4.77596838962578,1.07760039199599e-05,7.432103,0.07859135,89.27298114697139
0,1,569450,1200,4.33073907956911,0.0160019447863018,84.0,2.0,7.82782259902457,4.70616271631949,2.92438769618792e-05,7.5098705,0.07776749,89.27298114697139
0,1,569450,1200,4.34674102435541,0.0160019447863009,86.0,2.0,7.78224167008524,4.6363570430132,4.77117500037984e-05,7.586764,0.07689294,89.27298114697139
0,1,569450,1200,4.36274296914171,0.0160019447863018,88.0,2.0,7.73666074114591,4.56655136970691,6.61796230457177e-05,7.662666,0.07590237,89.27298114697139
0,1,569450,1200,4.37874491392801,0.0160019447863018,90.0,2.0,7.69107981220657,4.49674569640063,8.46474960876369e-05,7.7375207,0.07485482,89.27298114697139
0,1,569450,1200,4.39474685871431,0.0160019447863009,92.0,2.0,7.64549888326724,4.42694002309434,0.0001031153691295,7.8113604,0.073839515,89.27298114697139
0,1,569450,1200,4.41074880350062,0.0160019447863018,94.0,2.0,7.59991795432791,4.35713434978805,0.0001215832421714,7.8842216,0.072861016,89.27298114697139
0,1,569450,1200,4.42675074828692,0.0160019447863009,96.0,2.0,7.55433702538858,4.28732867648176,0.0001400511152133,7.9562607,0.072039455,89.27298114697139
0,1,569450,1200,4.44275269307322,0.0160019447863018,98.0,2.0,7.50875609644925,4.21752300317547,0.0001585189882553,8.027627,0.07136598,89.27298114697139
0,1,569450,1200,4.45875463785952,0.0160019447863009,100.0,2.0,7.46317516750991,4.14771732986918,0.0001769868612972,8.0982685,0.07064122,89.27298114697139
0,1,569450,1200,4.47475658264582,0.0160019447863018,102.0,2.0,7.41759423857058,4.07791165656289,0.0001954547343391,8.167563,0.06929493,89.27298114697139
0,1,569450,1200,4.49075852743212,0.0160019447863018,104.0,2.0,7.37201330963125,4.00810598325661,0.000213922607381,8.23477,0.06720647,89.27298114697139
0,1,569450,1200,4.50676047221842,0.0160019447863009,106.0,2.0,7.32643238069192,3.93830030995032,0.0002323904804229,8.299369,0.06459913,89.27298114697139
0,1,569450,1200,4.52276241700473,0.0160019447863018,108.0,2.0,7.28085145175259,3.86849463664403,0.0002508583534649,8.36117,0.061801076,89.27298114697139
0,1,569450,1200,4.53876436179103,0.0160019447863009,110.0,2.0,7.23527052281326,3.79868896333774,0.0002693262265068,8.419829,0.058659494,89.27298114697139
0,1,569450,1200,4.55476630657733,0.0160019447863018,112.0,2.0,7.18968959387392,3.72888329003145,0.0002877940995487,8.475611,0.055781543,89.27298114697139
0,1,569450,1200,4.57076825136363,0.0160019447863018,114.0,2.0,7.14410866493459,3.65907761672516,0.0003062619725906,8.532231,0.05662042,89.27298114697139
0,1,569450,1200,4.58677019614993,0.0160019447863009,116.0,2.0,7.09852773599526,3.58927194341887,0.0003247298456325,8.592853,0.06062159,89.27298114697139
0,1,569450,1200,4.60277214093623,0.0160019447863018,118.0,2.0,7.05294680705593,3.51946627011259,0.0003431977186745,8.655435,0.06258163,89.27298114697139
0,1,569450,1200,4.61877408572253,0.0160019447863009,120.0,2.0,7.0073658781166,3.4496605968063,0.0003616655917164,8.708365,0.05293125,89.27298114697139
0,1,569450,1200,4.63477603050884,0.0160019447863018,122.0,2.0,6.96178494917726,3.37985492350001,0.0003801334647583,8.749819,0.041452825,89.27298114697139
0,1,569450,1200,4.65077797529514,0.0160019447863009,124.0,2.0,6.91620402023793,3.31004925019372,0.0003986013378002,8.788572,0.038754076,89.27298114697139
0,1,569450,1200,4.66677992008144,0.0160019447863018,126.0,2.0,6.8706230912986,3.24024357688743,0.0004170692108421,8.827034,0.03846121,89.27298114697139
0,1,569450,1200,4.68278186486774,0.0160019447863018,128.0,2.0,6.82504216235927,3.17043790358114,0.0004355370838841,8.867259,0.040225178,89.27298114697139
0,1,569450,1200,4.69878380965404,0.0160019447863009,130.0,2.0,6.77946123341994,3.10063223027485,0.000454004956926,8.910575,0.043316185,89.27298114697139
0,1,569450,1200,4.71478575444034,0.0160019447863018,132.0,2.0,6.73388030448061,3.03082655696856,0.0004724728299679,8.950343,0.039767712,89.27298114697139
0,1,569450,1200,4.73078769922664,0.0160019447863009,134.0,2.0,6.68829937554127,2.96102088366228,0.0004909407030098,9.001712,0.05136922,89.27298114697139
0,1,569450,1200,4.74678964401294,0.0160019447863018,136.0,2.0,6.64271844660194,2.89121521035599,0.0005094085760517,9.027307,0.025594085,89.27298114697139
0,1,569450,1200,4.76279158879925,0.0160019447863009,138.0,2.0,6.59713751766261,2.8214095370497,0.0005278764490936,9.064108,0.036801428,89.27298114697139
0,1,569450,1200,4.77879353358555,0.0160019447863018,140.0,2.0,6.55155658872328,2.75160386374341,0.0005463443221356,9.092679,0.028571725,89.27298114697139
0,1,569450,1200,4.79479547837185,0.0160019447863018,142.0,2.0,6.50597565978395,2.68179819043712,0.0005648121951775,9.14275,0.050070196,89.27298114697139
0,1,569450,1200,4.81079742315815,0.0160019447863009,144.0,2.0,6.46039473084462,2.61199251713083,0.0005832800682194,9.183097,0.040347844,89.27298114697139
0,1,569450,1200,4.82679936794445,0.0160019447863018,146.0,2.0,6.41481380190528,2.54218684382454,0.0006017479412613,9.214454,0.031356096,89.27298114697139
0,1,569450,1200,4.832,0.0052006320555477,148.0,2.0,6.4,2.5195,0.00060775,9.200869,-0.013584971,89.27298114697139
0,1,569450,1211,4.2575758,4.2575758,2.0,2.0,16.254165,3.577656605,0.0,2.8073099,2.8073099,89.27298114697139
0,1,569450,1211,6.8055758,2.548,4.0,2.0,16.154165,3.723956605,0.0,4.5541973,1.7468874,89.27298114697139
0,1,569450,1211,8.39836542681866,1.59278962681866,6.0,2.0,15.8375961878462,3.72793641246695,0.0002887831130344,5.875306,1.321109,89.27298114697139
0,1,569450,1211,8.86234584968036,0.463980422861699,8.0,2.0,15.2650995975686,3.56373091986732,0.0009188324487699,6.3275757,0.45226908,89.27298114697139
0,1,569450,1211,9.32632627254205,0.463980422861697,10.0,2.0,14.6926030072909,3.39952542726768,0.0015488817845055,6.740146,0.41257066,89.27298114697139
0,1,569450,1211,9.79030669540375,0.463980422861697,12.0,2.0,14.1201064170133,3.23531993466804,0.0021789311202411,7.0684295,0.3282835,89.27298114697139
0,1,569450,1211,10.2542871182654,0.463980422861697,14.0,2.0,13.5476098267356,3.0711144420684,0.0028089804559767,7.384593,0.3161632,89.27298114697139
0,1,569450,1211,10.7182675411271,0.463980422861697,16.0,2.0,12.9751132364579,2.90690894946876,0.0034390297917122,7.6986566,0.31406376,89.27298114697139
0,1,569450,1211,11.1822479639888,0.463980422861697,18.0,2.0,12.4026166461803,2.74270345686912,0.0040690791274478,8.019335,0.32067817,89.27298114697139
0,1,569450,1211,11.6462283868505,0.463980422861697,20.0,2.0,11.8301200559026,2.57849796426948,0.0046991284631834,8.332262,0.3129272,89.27298114697139
0,1,569450,1211,12.1102088097122,0.463980422861697,22.0,2.0,11.2576234656249,2.41429247166984,0.0053291777989189,8.6237135,0.29145166,89.27298114697139
0,1,569450,1211,12.4103266129032,0.300117803190989,24.0,2.0,11.1064516129032,2.35986290322581,0.0053637495967741,8.884817,0.2611034,89.27298114697139
0,1,569450,1211,12.576375,0.166048387096774,26.0,2.0,11.3,2.39525,0.0049111125,9.114571,0.22975385,89.27298114697139
0,1,569450,1211,12.7424233870968,0.166048387096774,28.0,2.0,11.4935483870968,2.43063709677419,0.0044584754032258,9.3200655,0.20549431,89.27298114697139
0,1,569450,1211,12.9084717741935,0.166048387096774,30.0,2.0,11.6870967741935,2.46602419354839,0.0040058383064516,9.51325,0.1931848,89.27298114697139
0,1,569450,1211,13.0745201612903,0.166048387096774,32.0,2.0,11.8806451612903,2.50141129032258,0.0035532012096774,9.700877,0.18762717,89.27298114697139
0,1,569450,1211,13.2405685483871,0.166048387096774,34.0,2.0,12.0741935483871,2.53679838709677,0.0031005641129032,9.883381,0.18250427,89.27298114697139
0,1,569450,1211,13.4066169354839,0.166048387096774,36.0,2.0,12.2677419354839,2.57218548387097,0.002647927016129,10.061858,0.17847681,89.27298114697139
0,1,569450,1211,13.5726653225806,0.166048387096774,38.0,2.0,12.4612903225806,2.60757258064516,0.0021952899193548,10.234924,0.17306647,89.27298114697139
0,1,569450,1211,13.7387137096774,0.166048387096774,40.0,2.0,12.6548387096774,2.64295967741935,0.0017426528225806,10.401505,0.16658112,89.27298114697139
0,1,569450,1211,13.9047620967742,0.166048387096774,42.0,2.0,12.8483870967742,2.67834677419355,0.0012900157258064,10.560751,0.15924561,89.27298114697139
0,1,569450,1211,14.070810483871,0.166048387096774,44.0,2.0,13.041935483871,2.71373387096774,0.0008373786290322,10.7105055,0.1497539,89.27298114697139
0,1,569450,1211,14.2368588709677,0.166048387096774,46.0,2.0,13.2354838709677,2.74912096774194,0.000384741532258,10.849456,0.13895044,89.27298114697139
0,1,569450,1211,14.3887907960857,0.15193192511795,48.0,2.0,13.3977330260324,2.76842280575811,0.0,10.977236,0.12777975,89.27298114697139
0,1,569450,1211,14.460729436657,0.0719386405712772,50.0,2.0,13.3826198662485,2.69657484414554,0.0,11.094731,0.117495805,89.27298114697139
0,1,569450,1211,14.5326680772282,0.0719386405712772,52.0,2.0,13.3675067064647,2.62472688253297,0.0,11.203961,0.10923028,89.27298114697139
0,1,569450,1211,14.6046067177995,0.0719386405712772,54.0,2.0,13.3523935466808,2.55287892092039,0.0,11.305952,0.10199061,89.27298114697139
0,1,569450,1211,14.6765453583708,0.0719386405712772,56.0,2.0,13.3372803868969,2.48103095930782,0.0,11.402023,0.096070856,89.27298114697139
0,1,569450,1211,14.7484839989421,0.071938640571279,58.0,2.0,13.322167227113,2.40918299769524,0.0,11.493244,0.09122133,89.27298114697139
0,1,569450,1211,14.8204226395134,0.0719386405712772,60.0,2.0,13.3070540673291,2.33733503608267,0.0,11.579996,0.08675209,89.27298114697139
0,1,569450,1211,14.8923612800846,0.0719386405712772,62.0,2.0,13.2919409075452,2.26548707447009,0.0,11.662614,0.08261767,89.27298114697139
0,1,569450,1211,14.9642999206559,0.0719386405712772,64.0,2.0,13.2768277477614,2.19363911285752,0.0,11.741176,0.078561455,89.27298114697139
0,1,569450,1211,15.0362385612272,0.0719386405712772,66.0,2.0,13.2617145879775,2.12179115124495,0.0,11.816265,0.075089335,89.27298114697139
0,1,569450,1211,15.1081772017985,0.0719386405712772,68.0,2.0,13.2466014281936,2.04994318963237,0.0,11.888202,0.07193723,89.27298114697139
0,1,569450,1211,15.1801158423697,0.071938640571279,70.0,2.0,13.2314882684097,1.9780952280198,0.0,11.9573555,0.0691531,89.27298114697139
0,1,569450,1211,15.252054482941,0.0719386405712772,72.0,2.0,13.2163751086258,1.90624726640722,0.0,12.023673,0.066317916,89.27298114697139
0,1,569450,1211,15.3239931235123,0.0719386405712772,74.0,2.0,13.201261948842,1.83439930479465,0.0,12.087133,0.06346002,89.27298114697139
0,1,569450,1211,15.3794903745611,0.0554972510488057,76.0,2.0,13.1939473655245,1.8682424752072,4.44142317810088e-06,12.147893,0.060759395,89.27298114697139
0,1,569450,1211,15.43348969214,0.0539993175789455,78.0,2.0,13.1873432908104,1.91171489769188,9.28749320330643e-06,12.206125,0.058232933,89.27298114697139
0,1,569450,1211,15.487489009719,0.0539993175789473,80.0,2.0,13.1807392160963,1.95518732017655,1.4133563228512e-05,12.262076,0.055951297,89.27298114697139
0,1,569450,1211,15.5414883272979,0.0539993175789455,82.0,2.0,13.1741351413822,1.99865974266122,1.89796332537175e-05,12.316043,0.053965688,89.27298114697139
0,1,569450,1211,15.5954876448769,0.0539993175789473,84.0,2.0,13.1675310666681,2.04213216514589,2.38257032789231e-05,12.368141,0.05209896,89.27298114697139
0,1,569450,1211,15.6494869624558,0.0539993175789455,86.0,2.0,13.160926991954,2.08560458763057,2.86717733041286e-05,12.418308,0.050166875,89.27298114697139
0,1,569450,1211,15.7034862800348,0.0539993175789455,88.0,2.0,13.1543229172399,2.12907701011524,3.35178433293342e-05,12.466571,0.048262507,89.27298114697139
0,1,569450,1211,15.7574855976137,0.0539993175789473,90.0,2.0,13.1477188425258,2.17254943259991,3.83639133545397e-05,12.512941,0.046370983,89.27298114697139
0,1,569450,1211,15.8114849151927,0.0539993175789455,92.0,2.0,13.1411147678117,2.21602185508459,4.32099833797453e-05,12.557688,0.04474625,89.27298114697139
0,1,569450,1211,15.8654842327716,0.0539993175789473,94.0,2.0,13.1345106930976,2.25949427756926,4.80560534049508e-05,12.600872,0.04318434,89.27298114697139
0,1,569450,1211,15.9194835503506,0.0539993175789455,96.0,2.0,13.1279066183835,2.30296670005393,5.29021234301564e-05,12.642758,0.041885614,89.27298114697139
0,1,569450,1211,15.9734828679295,0.0539993175789455,98.0,2.0,13.1213025436694,2.34643912253861,5.77481934553619e-05,12.684002,0.04124421,89.27298114697139
0,1,569450,1211,16.0274821855085,0.0539993175789455,100.0,2.0,13.1146984689553,2.38991154502328,6.25942634805675e-05,12.72488,0.040878356,89.27298114697139
0,1,569450,1211,16.0814815030874,0.053999317578949,102.0,2.0,13.1080943942412,2.43338396750795,6.74403335057731e-05,12.765313,0.040432304,89.27298114697139
0,1,569450,1211,16.1354808206664,0.0539993175789455,104.0,2.0,13.1014903195271,2.47685638999263,7.22864035309786e-05,12.805367,0.04005453,89.27298114697139
0,1,569450,1211,16.1894801382453,0.0539993175789455,106.0,2.0,13.094886244813,2.5203288124773,7.71324735561841e-05,12.845092,0.0397242,89.27298114697139
0,1,569450,1211,16.2434794558242,0.0539993175789455,108.0,2.0,13.088282170099,2.56380123496197,8.19785435813897e-05,12.884517,0.039425433,89.27298114697139
0,1,569450,1211,16.2974787734032,0.0539993175789455,110.0,2.0,13.0816780953849,2.60727365744664,8.68246136065952e-05,12.924241,0.039723665,89.27298114697139
0,1,569450,1211,16.3514780909821,0.053999317578949,112.0,2.0,13.0750740206708,2.65074607993132,9.16706836318008e-05,12.964173,0.03993267,89.27298114697139
0,1,569450,1211,16.4054774085611,0.0539993175789455,114.0,2.0,13.0684699459567,2.69421850241599,9.65167536570063e-05,13.004435,0.04026121,89.27298114697139
0,1,569450,1211,16.45947672614,0.0539993175789455,116.0,2.0,13.0618658712426,2.73769092490066,0.0001013628236822,13.045121,0.04068628,89.27298114697139
0,1,569450,1211,16.513476043719,0.0539993175789455,118.0,2.0,13.0552617965285,2.78116334738534,0.0001062088937074,13.086423,0.041302025,89.27298114697139
0,1,569450,1211,16.5674753612979,0.053999317578949,120.0,2.0,13.0486577218144,2.82463576987001,0.0001110549637326,13.128198,0.041775107,89.27298114697139
0,1,569450,1211,16.6214746788769,0.0539993175789455,122.0,2.0,13.0420536471003,2.86810819235468,0.0001159010337578,13.169794,0.041596502,89.27298114697139
0,1,569450,1211,16.6754739964558,0.0539993175789455,124.0,2.0,13.0354495723862,2.91158061483936,0.000120747103783,13.210763,0.040968835,89.27298114697139
0,1,569450,1211,16.7294733140348,0.0539993175789455,126.0,2.0,13.0288454976721,2.95505303732403,0.0001255931738082,13.251183,0.04041919,89.27298114697139
0,1,569450,1211,16.7834726316137,0.0539993175789455,128.0,2.0,13.022241422958,2.9985254598087,0.0001304392438334,13.291515,0.040333062,89.27298114697139
0,1,569450,1211,16.8374719491927,0.053999317578949,130.0,2.0,13.0156373482439,3.04199788229337,0.0001352853138586,13.332722,0.04120615,89.27298114697139
0,1,569450,1211,16.8914712667716,0.0539993175789455,132.0,2.0,13.0090332735298,3.08547030477805,0.0001401313838838,13.375986,0.043264687,89.27298114697139
0,1,569450,1211,16.9454705843505,0.0539993175789455,134.0,2.0,13.0024291988157,3.12894272726272,0.000144977453909,13.421399,0.04541257,89.27298114697139
0,1,569450,1211,16.9994699019295,0.0539993175789455,136.0,2.0,12.9958251241016,3.17241514974739,0.0001498235239342,13.464267,0.042868167,89.27298114697139
0,1,569450,1211,17.0534692195084,0.0539993175789455,138.0,2.0,12.9892210493875,3.21588757223207,0.0001546695939594,13.49367,0.029403389,89.27298114697139
0,1,569450,1211,17.1074685370874,0.053999317578949,140.0,2.0,12.9826169746734,3.25935999471674,0.0001595156639846,13.5122,0.01853016,89.27298114697139
0,1,569450,1211,17.1614678546663,0.0539993175789455,142.0,2.0,12.9760128999593,3.30283241720141,0.0001643617340098,13.529404,0.017202914,89.27298114697139
0,1,569450,1211,17.2154671722453,0.0539993175789455,144.0,2.0,12.9694088252452,3.34630483968609,0.000169207804035,13.559973,0.030569136,89.27298114697139
0,1,569450,1211,17.2694664898242,0.0539993175789455,146.0,2.0,12.9628047505311,3.38977726217076,0.0001740538740602,13.594065,0.0340921,89.27298114697139
0,1,569450,1211,17.3234658074032,0.0539993175789455,148.0,2.0,12.956200675817,3.43324968465543,0.0001788999440855,13.626539,0.032474518,89.27298114697139
0,1,569450,1211,17.3774651249821,0.053999317578949,150.0,2.0,12.9495966011029,3.47672210714011,0.0001837460141107,13.656118,0.029578775,89.27298114697139
0,1,569450,1211,17.4314644425611,0.0539993175789455,152.0,2.0,12.9429925263888,3.52019452962478,0.0001885920841359,13.700389,0.044270933,89.27298114697139
0,1,569450,1211,17.48546376014,0.0539993175789455,154.0,2.0,12.9363884516747,3.56366695210945,0.0001934381541611,13.728827,0.028438568,89.27298114697139
0,1,569450,1211,17.539463077719,0.0539993175789455,156.0,2.0,12.9297843769606,3.60713937459412,0.0001982842241863,13.765531,0.036702603,89.27298114697139
0,1,569450,1211,17.5934623952979,0.0539993175789455,158.0,2.0,12.9231803022465,3.6506117970788,0.0002031302942115,13.796814,0.03128326,89.27298114697139
0,1,569450,1211,17.6474617128768,0.053999317578949,160.0,2.0,12.9165762275324,3.69408421956347,0.0002079763642367,13.83043,0.03361693,89.27298114697139
0,1,569450,1211,17.7014610304558,0.0539993175789455,162.0,2.0,12.9099721528183,3.73755664204814,0.0002128224342619,13.859209,0.028779,89.27298114697139
0,1,569450,1211,17.7554603480347,0.0539993175789455,164.0,2.0,12.9033680781042,3.78102906453282,0.0002176685042871,13.888785,0.029575586,89.27298114697139
0,1,569450,1211,17.783,0.0275396519652631,166.0,2.0,12.9,3.8032,0.00022014,13.882531,-0.0062539577,89.27298114697139
0,1,569450,1221,2.82628918805406,2.82628918805406,2.0,2.0,20.0105571138811,2.94357468629324,0.0,3.2725236,3.2725236,89.27298114697139
0,1,569450,1221,5.37027646811766,2.5439872800636,4.0,2.0,19.6438922805386,3.14810699696501,0.0,5.460986,2.1884627,89.27298114697139
0,1,569450,1221,7.91426374818126,2.5439872800636,6.0,2.0,19.2772274471961,3.3526393076368,0.0,7.229313,1.7683263,89.27298114697139
0,1,569450,1221,9.27308531974587,1.35882157156461,8.0,2.0,18.5669307364508,3.38428945888073,0.0,7.6941123,0.46479958,89.27298114697139
0,1,569450,1221,9.52312948842074,0.25004416867487,10.0,2.0,17.535150491509,3.25420034416231,0.0,8.134554,0.44044122,89.27298114697139
0,1,569450,1221,9.77317365709561,0.250044168674869,12.0,2.0,16.5033702465672,3.1241112294439,0.0,8.481203,0.34664935,89.27298114697139
0,1,569450,1221,10.0232178257705,0.250044168674869,14.0,2.0,15.4715900016254,2.99402211472548,0.0,8.809762,0.32855952,89.27298114697139
0,1,569450,1221,10.2732619944453,0.250044168674869,16.0,2.0,14.4398097566836,2.86393300000707,0.0,9.135818,0.32605547,89.27298114697139
0,1,569450,1221,10.5233061631202,0.25004416867487,18.0,2.0,13.4080295117418,2.73384388528865,0.0,9.470998,0.33518034,89.27298114697139
0,1,569450,1221,10.7733503317951,0.250044168674869,20.0,2.0,12.3762492668,2.60375477057024,0.0,9.805022,0.3340239,89.27298114697139
0,1,569450,1221,10.9642163532721,0.190866021477049,22.0,2.0,11.8555633698549,2.54864821957359,0.0,10.126306,0.32128346,89.27298114697139
0,1,569450,1221,11.0802216834468,0.11600533017471,24.0,2.0,11.9814147172046,2.5883950362748,0.0,10.428489,0.3021836,89.27298114697139
0,1,569450,1221,11.1962270136216,0.116005330174712,26.0,2.0,12.1072660645543,2.62814185297601,0.0,10.706787,0.27829826,89.27298114697139
0,1,569450,1221,11.3122323437963,0.116005330174712,28.0,2.0,12.2331174119041,2.66788866967723,0.0,10.957541,0.25075406,89.27298114697139
0,1,569450,1221,11.428237673971,0.11600533017471,30.0,2.0,12.3589687592538,2.70763548637844,0.0,11.183077,0.22553544,89.27298114697139
0,1,569450,1221,11.5442430041457,0.116005330174712,32.0,2.0,12.4848201066035,2.74738230307966,0.0,11.39252,0.20944342,89.27298114697139
0,1,569450,1221,11.6602483343204,0.116005330174712,34.0,2.0,12.6106714539532,2.78712911978087,0.0,11.5907545,0.1982339,89.27298114697139
0,1,569450,1221,11.7762536644951,0.11600533017471,36.0,2.0,12.7365228013029,2.82687593648208,0.0,11.779453,0.18869945,89.27298114697139
0,1,569450,1221,11.8922589946698,0.116005330174712,38.0,2.0,12.8623741486527,2.8666227531833,0.0,11.957496,0.17804214,89.27298114697139
0,1,569450,1221,12.0082643248445,0.116005330174712,40.0,2.0,12.9882254960024,2.90636956988451,0.0,12.12547,0.16797483,89.27298114697139
0,1,569450,1221,12.1242696550192,0.11600533017471,42.0,2.0,13.1140768433521,2.94611638658573,0.0,12.283619,0.15814805,89.27298114697139
0,1,569450,1221,12.240274985194,0.116005330174712,44.0,2.0,13.2399281907018,2.98586320328694,0.0,12.434217,0.15059853,89.27298114697139
0,1,569450,1221,12.3562803153687,0.116005330174712,46.0,2.0,13.3657795380515,3.02561001998816,0.0,12.576844,0.14262682,89.27298114697139
0,1,569450,1221,12.4722856455434,0.11600533017471,48.0,2.0,13.4916308854012,3.06535683668937,0.0,12.710805,0.13396055,89.27298114697139
0,1,569450,1221,12.549045642506,0.0767599969626644,50.0,2.0,13.631099321214,3.0009645470859,0.0,12.836342,0.12553772,89.27298114697139
0,1,569450,1221,12.623009908715,0.073964266208943,52.0,2.0,13.7715378013576,2.92915367090583,0.0,12.9539175,0.117575526,89.27298114697139
0,1,569450,1221,12.6969741749239,0.0739642662089413,54.0,2.0,13.9119762815011,2.85734279472576,0.0,13.06421,0.11029172,89.27298114697139
0,1,569450,1221,12.7709384411329,0.0739642662089413,56.0,2.0,14.0524147616447,2.78553191854568,0.0,13.167561,0.103351444,89.27298114697139
0,1,569450,1221,12.8449027073418,0.0739642662089413,58.0,2.0,14.1928532417882,2.71372104236561,0.0,13.264509,0.09694862,89.27298114697139
0,1,569450,1221,12.9188669735508,0.0739642662089413,60.0,2.0,14.3332917219318,2.64191016618553,0.0,13.35544,0.090930134,89.27298114697139
0,1,569450,1221,12.9928312397597,0.0739642662089413,62.0,2.0,14.4737302020754,2.57009929000546,0.0,13.440617,0.08517671,89.27298114697139
0,1,569450,1221,13.0667955059686,0.0739642662089413,64.0,2.0,14.6141686822189,2.49828841382539,0.0,13.520225,0.079607755,89.27298114697139
0,1,569450,1221,13.1407597721776,0.0739642662089413,66.0,2.0,14.7546071623625,2.42647753764532,0.0,13.594546,0.07432231,89.27298114697139
0,1,569450,1221,13.2147240383865,0.0739642662089413,68.0,2.0,14.895045642506,2.35466666146524,0.0,13.664092,0.06954563,89.27298114697139
0,1,569450,1221,13.2886883045955,0.0739642662089413,70.0,2.0,15.0354841226496,2.28285578528517,0.0,13.72944,0.06534737,89.27298114697139
0,1,569450,1221,13.3626525708044,0.0739642662089413,72.0,2.0,15.1759226027932,2.21104490910509,0.0,13.791387,0.061947554,89.27298114697139
0,1,569450,1221,13.4305624175188,0.0679098467143486,74.0,2.0,15.295000160939,2.14644953703207,2.68241365621283e-06,13.850325,0.05893725,89.27298114697139
0,1,569450,1221,13.4525574176797,0.0219950001609384,76.0,2.0,15.2520830874543,2.13657431842323,2.57074235807861e-05,13.906548,0.056223273,89.27298114697139
0,1,569450,1221,13.4745524178406,0.0219950001609401,78.0,2.0,15.2091660139695,2.12669909981438,4.87324335053593e-05,13.960208,0.05366063,89.27298114697139
0,1,569450,1221,13.4965474180016,0.0219950001609384,80.0,2.0,15.1662489404847,2.11682388120554,7.17574434299326e-05,14.011393,0.051184267,89.27298114697139
0,1,569450,1221,13.5185424181625,0.0219950001609384,82.0,2.0,15.123331867,2.1069486625967,9.47824533545058e-05,14.060281,0.048888355,89.27298114697139
0,1,569450,1221,13.5405374183234,0.0219950001609401,84.0,2.0,15.0804147935152,2.09707344398785,0.000117807463279,14.107392,0.0471119,89.27298114697139
0,1,569450,1221,13.5625324184844,0.0219950001609384,86.0,2.0,15.0374977200305,2.08719822537901,0.0001408324732036,14.152687,0.04529473,89.27298114697139
0,1,569450,1221,13.5845274186453,0.0219950001609384,88.0,2.0,14.9945806465457,2.07732300677017,0.0001638574831282,14.196008,0.043320507,89.27298114697139
0,1,569450,1221,13.6065224188063,0.0219950001609401,90.0,2.0,14.951663573061,2.06744778816133,0.0001868824930527,14.237311,0.041303486,89.27298114697139
0,1,569450,1221,13.6285174189672,0.0219950001609384,92.0,2.0,14.9087464995762,2.05757256955248,0.0002099075029773,14.276778,0.03946632,89.27298114697139
0,1,569450,1221,13.6505124191281,0.0219950001609401,94.0,2.0,14.8658294260914,2.04769735094364,0.0002329325129019,14.314452,0.037674785,89.27298114697139
0,1,569450,1221,13.6725074192891,0.0219950001609384,96.0,2.0,14.8229123526067,2.0378221323348,0.0002559575228265,14.350374,0.035921425,89.27298114697139
0,1,569450,1221,13.69450241945,0.0219950001609384,98.0,2.0,14.7799952791219,2.02794691372595,0.000278982532751,14.384635,0.034261107,89.27298114697139
0,1,569450,1221,13.716497419611,0.0219950001609401,100.0,2.0,14.7370782056372,2.01807169511711,0.0003020075426756,14.417374,0.032738835,89.27298114697139
0,1,569450,1221,13.7384924197719,0.0219950001609384,102.0,2.0,14.6941611321524,2.00819647650827,0.0003250325526002,14.44865,0.031276047,89.27298114697139
0,1,569450,1221,13.7604874199328,0.0219950001609384,104.0,2.0,14.6512440586676,1.99832125789942,0.0003480575625248,14.478511,0.029861093,89.27298114697139
0,1,569450,1221,13.7824824200938,0.0219950001609401,106.0,2.0,14.6083269851829,1.98844603929058,0.0003710825724493,14.506949,0.028437912,89.27298114697139
0,1,569450,1221,13.8044774202547,0.0219950001609384,108.0,2.0,14.5654099116981,1.97857082068174,0.0003941075823739,14.53425,0.027301371,89.27298114697139
0,1,569450,1221,13.8264724204157,0.0219950001609384,110.0,2.0,14.5224928382134,1.96869560207289,0.0004171325922985,14.561408,0.027157724,89.27298114697139
0,1,569450,1221,13.8484674205766,0.0219950001609401,112.0,2.0,14.4795757647286,1.95882038346405,0.0004401576022231,14.588815,0.027406633,89.27298114697139
0,1,569450,1221,13.8704624207375,0.0219950001609384,114.0,2.0,14.4366586912438,1.94894516485521,0.0004631826121476,14.616306,0.027491212,89.27298114697139
0,1,569450,1221,13.8924574208985,0.0219950001609384,116.0,2.0,14.3937416177591,1.93906994624637,0.0004862076220722,14.643786,0.027480721,89.27298114697139
0,1,569450,1221,13.9144524210594,0.0219950001609401,118.0,2.0,14.3508245442743,1.92919472763752,0.0005092326319968,14.67137,0.027582616,89.27298114697139
0,1,569450,1221,13.9364474212203,0.0219950001609384,120.0,2.0,14.3079074707896,1.91931950902868,0.0005322576419213,14.699197,0.02782756,89.27298114697139
0,1,569450,1221,13.9584424213813,0.0219950001609384,122.0,2.0,14.2649903973048,1.90944429041984,0.0005552826518459,14.727213,0.028016537,89.27298114697139
0,1,569450,1221,13.9804374215422,0.0219950001609401,124.0,2.0,14.22207332382,1.89956907181099,0.0005783076617705,14.754299,0.027085692,89.27298114697139
0,1,569450,1221,14.0024324217032,0.0219950001609384,126.0,2.0,14.1791562503353,1.88969385320215,0.0006013326716951,14.779671,0.02537179,89.27298114697139
0,1,569450,1221,14.0244274218641,0.0219950001609401,128.0,2.0,14.1362391768505,1.87981863459331,0.0006243576816196,14.804545,0.0248743,89.27298114697139
0,1,569450,1221,14.046422422025,0.0219950001609384,130.0,2.0,14.0933221033658,1.86994341598446,0.0006473826915442,14.831176,0.026630968,89.27298114697139
0,1,569450,1221,14.068417422186,0.0219950001609384,132.0,2.0,14.050405029881,1.86006819737562,0.0006704077014688,14.859687,0.02851054,89.27298114697139
0,1,569450,1221,14.0904124223469,0.0219950001609401,134.0,2.0,14.0074879563963,1.85019297876678,0.0006934327113934,14.889972,0.030284882,89.27298114697139
0,1,569450,1221,14.1124074225079,0.0219950001609384,136.0,2.0,13.9645708829115,1.84031776015794,0.0007164577213179,14.921661,0.03169027,89.27298114697139
0,1,569450,1221,14.1344024226688,0.0219950001609384,138.0,2.0,13.9216538094267,1.83044254154909,0.0007394827312425,14.950438,0.028776199,89.27298114697139
0,1,569450,1221,14.1563974228297,0.0219950001609401,140.0,2.0,13.878736735942,1.82056732294025,0.0007625077411671,14.965689,0.015250653,89.27298114697139
0,1,569450,1221,14.1783924229907,0.0219950001609384,142.0,2.0,13.8358196624572,1.81069210433141,0.0007855327510917,14.970673,0.0049842,89.27298114697139
0,1,569450,1221,14.2003874231516,0.0219950001609384,144.0,2.0,13.7929025889725,1.80081688572256,0.0008085577610162,14.972455,0.0017824173,89.27298114697139
0,1,569450,1221,14.2223824233126,0.0219950001609401,146.0,2.0,13.7499855154877,1.79094166711372,0.0008315827709408,14.989177,0.016721964,89.27298114697139
0,1,569450,1221,14.2443774234735,0.0219950001609384,148.0,2.0,13.7070684420029,1.78106644850488,0.0008546077808654,15.009859,0.020681411,89.27298114697139
0,1,569450,1221,14.2663724236344,0.0219950001609401,150.0,2.0,13.6641513685182,1.77119122989603,0.0008776327907899,15.028319,0.018460989,89.27298114697139
0,1,569450,1221,14.2883674237954,0.0219950001609384,152.0,2.0,13.6212342950334,1.76131601128719,0.0009006578007145,15.041942,0.013622403,89.27298114697139
0,1,569450,1221,14.3103624239563,0.0219950001609384,154.0,2.0,13.5783172215487,1.75144079267835,0.0009236828106391,15.069872,0.0279302,89.27298114697139
0,1,569450,1221,14.3323574241172,0.0219950001609401,156.0,2.0,13.5354001480639,1.7415655740695,0.0009467078205637,15.086825,0.01695308,89.27298114697139
0,1,569450,1221,14.3543524242782,0.0219950001609384,158.0,2.0,13.4924830745791,1.73169035546066,0.0009697328304882,15.112925,0.026099116,89.27298114697139
0,1,569450,1221,14.3763474244391,0.0219950001609384,160.0,2.0,13.4495660010944,1.72181513685182,0.0009927578404128,15.132807,0.01988256,89.27298114697139
0,1,569450,1221,14.3983424246001,0.0219950001609401,162.0,2.0,13.4066489276096,1.71193991824298,0.0010157828503374,15.151804,0.018997163,89.27298114697139
0,1,569450,1221,14.420337424761,0.0219950001609384,164.0,2.0,13.3637318541249,1.70206469963413,0.001038807860262,15.162248,0.010443717,89.27298114697139
0,1,569450,1221,14.4423324249219,0.0219950001609384,166.0,2.0,13.3208147806401,1.69218948102529,0.0010618328701865,15.178768,0.016520292,89.27298114697139
0,1,569450,1221,14.453,0.010667575078056,168.0,2.0,13.3,1.6874,0.001073,15.161742,-0.01702553,89.27298114697139
0,1,569450,1227,4.57501694915254,4.57501694915254,2.0,2.0,15.8322033898305,1.5873,0.0,3.6418374,3.6418374,89.27298114697139
0,1,569450,1227,6.89705084745763,2.32203389830508,4.0,2.0,15.6966101694915,1.8473,0.0,6.3777285,2.735891,89.27298114697139
0,1,569450,1227,9.21908474576271,2.32203389830508,6.0,2.0,15.5610169491525,2.1073,0.0,8.33527,1.9575417,89.27298114697139
0,1,569450,1227,10.7194065281899,1.5003217824272,8.0,2.0,15.1344213649852,2.20927863501484,0.0,9.010207,0.67493737,89.27298114697139
0,1,569450,1227,11.5474183976261,0.828011869436201,10.0,2.0,14.4697329376855,2.18196706231454,0.0,9.475007,0.46479958,89.27298114697139
0,1,569450,1227,12.3754302670623,0.828011869436201,12.0,2.0,13.8050445103858,2.15465548961424,0.0,9.878811,0.40380406,89.27298114697139
0,1,569450,1227,13.2034421364985,0.828011869436201,14.0,2.0,13.1403560830861,2.12734391691395,0.0,10.270246,0.391434,89.27298114697139
0,1,569450,1227,14.0314540059347,0.828011869436201,16.0,2.0,12.4756676557864,2.10003234421365,0.0,10.667891,0.3976455,89.27298114697139
0,1,569450,1227,14.8594658753709,0.828011869436203,18.0,2.0,11.8109792284866,2.07272077151335,0.0,11.081659,0.41376823,89.27298114697139
0,1,569450,1227,15.6874777448071,0.8280118694362,20.0,2.0,11.1462908011869,2.04540919881306,0.0,11.501202,0.41954267,89.27298114697139
0,1,569450,1227,16.5154896142433,0.828011869436203,22.0,2.0,10.4816023738872,2.01809762611276,0.0,11.911223,0.4100216,89.27298114697139
0,1,569450,1227,17.2877485251033,0.772258910860021,24.0,2.0,9.92407994541879,2.00343465906811,0.0,12.300894,0.38967052,89.27298114697139
0,1,569450,1227,17.6697367259301,0.381988200826743,26.0,2.0,10.1167195087691,2.07731193161296,0.0,12.668187,0.36729297,89.27298114697139
0,1,569450,1227,18.0517249267568,0.381988200826743,28.0,2.0,10.3093590721194,2.1511892041578,0.0,13.013911,0.34572488,89.27298114697139
0,1,569450,1227,18.4337131275836,0.381988200826747,30.0,2.0,10.5019986354698,2.22506647670265,0.0,13.339428,0.32551628,89.27298114697139
0,1,569450,1227,18.8157013284103,0.381988200826743,32.0,2.0,10.6946381988201,2.2989437492475,0.0,13.646228,0.30679953,89.27298114697139
0,1,569450,1227,19.1976895292371,0.381988200826747,34.0,2.0,10.8872777621704,2.37282102179235,0.0,13.934846,0.2886184,89.27298114697139
0,1,569450,1227,19.5796777300638,0.381988200826743,36.0,2.0,11.0799173255207,2.4466982943372,0.0,14.205262,0.2704167,89.27298114697139
0,1,569450,1227,19.9616659308906,0.381988200826743,38.0,2.0,11.2725568888711,2.52057556688205,0.0,14.456139,0.25087565,89.27298114697139
0,1,569450,1227,20.3436541317173,0.381988200826747,40.0,2.0,11.4651964522214,2.5944528394269,0.0,14.685797,0.22965868,89.27298114697139
0,1,569450,1227,20.725642332544,0.381988200826743,42.0,2.0,11.6578360155717,2.66833011197175,0.0,14.893216,0.20741928,89.27298114697139
0,1,569450,1227,21.1076305333708,0.381988200826743,44.0,2.0,11.850475578922,2.7422073845166,0.0,15.077992,0.18477628,89.27298114697139
0,1,569450,1227,21.4896187341975,0.381988200826747,46.0,2.0,12.0431151422723,2.81608465706144,0.0,15.244932,0.16693938,89.27298114697139
0,1,569450,1227,21.8716069350243,0.381988200826743,48.0,2.0,12.2357547056227,2.88996192960629,0.0,15.399099,0.15416789,89.27298114697139
0,1,569450,1227,22.0883295328713,0.216722597846982,50.0,2.0,12.3054669236763,3.02362685887709,0.0,15.545039,0.14593998,89.27298114697139
0,1,569450,1227,22.2223573391297,0.134027806258459,52.0,2.0,12.3136693597999,3.18720804248862,0.0,15.685742,0.14070311,89.27298114697139
0,1,569450,1227,22.3563851453882,0.134027806258459,54.0,2.0,12.3218717959234,3.35078922610015,0.0,15.820438,0.13469559,89.27298114697139
0,1,569450,1227,22.4904129516466,0.134027806258459,56.0,2.0,12.3300742320469,3.51437040971168,0.0,15.949632,0.12919337,89.27298114697139
0,1,569450,1227,22.6244407579051,0.134027806258459,58.0,2.0,12.3382766681704,3.67795159332322,0.0,16.073057,0.12342468,89.27298114697139
0,1,569450,1227,22.7584685641636,0.134027806258462,60.0,2.0,12.346479104294,3.84153277693475,0.0,16.191275,0.118218064,89.27298114697139
0,1,569450,1227,22.892496370422,0.134027806258459,62.0,2.0,12.3546815404175,4.00511396054628,0.0,16.30418,0.11290622,89.27298114697139
0,1,569450,1227,23.0265241766805,0.134027806258459,64.0,2.0,12.362883976541,4.16869514415782,0.0,16.411238,0.10705793,89.27298114697139
0,1,569450,1227,23.1605519829389,0.134027806258459,66.0,2.0,12.3710864126646,4.33227632776935,0.0,16.512465,0.10122666,89.27298114697139
0,1,569450,1227,23.2945797891974,0.134027806258459,68.0,2.0,12.3792888487881,4.49585751138088,0.0,16.607874,0.09540892,89.27298114697139
0,1,569450,1227,23.4286075954559,0.134027806258459,70.0,2.0,12.3874912849116,4.65943869499241,0.0,16.697538,0.089665115,89.27298114697139
0,1,569450,1227,23.5626354017143,0.134027806258459,72.0,2.0,12.3956937210351,4.82301987860395,0.0,16.781893,0.08435404,89.27298114697139
0,1,569450,1227,23.6605418994413,0.0979064977270312,74.0,2.0,12.3776536312849,4.87354804469274,2.05335195530727e-05,16.86185,0.079957604,89.27298114697139
0,1,569450,1227,23.7185248456336,0.0579829461922969,76.0,2.0,12.3306086445163,4.79912287562482,6.37619817700677e-05,16.93772,0.075869024,89.27298114697139
0,1,569450,1227,23.7765077918259,0.0579829461922934,78.0,2.0,12.2835636577477,4.72469770655689,0.000106990443987,17.010109,0.07238877,89.27298114697139
0,1,569450,1227,23.8344907380182,0.0579829461922969,80.0,2.0,12.2365186709791,4.65027253748897,0.000150218906204,17.079355,0.069247425,89.27298114697139
0,1,569450,1227,23.8924736842105,0.0579829461922969,82.0,2.0,12.1894736842105,4.57584736842105,0.000193447368421,17.146095,0.066738576,89.27298114697139
0,1,569450,1227,23.9504566304028,0.0579829461922969,84.0,2.0,12.1424286974419,4.50142219935313,0.000236675830638,17.210789,0.06469366,89.27298114697139
0,1,569450,1227,24.0084395765951,0.0579829461922969,86.0,2.0,12.0953837106733,4.42699703028521,0.000279904292855,17.273663,0.062874466,89.27298114697139
0,1,569450,1227,24.0664225227874,0.0579829461922969,88.0,2.0,12.0483387239047,4.35257186121729,0.000323132755072,17.334967,0.061304748,89.27298114697139
0,1,569450,1227,24.1244054689797,0.0579829461922934,90.0,2.0,12.0012937371361,4.27814669214937,0.000366361217289,17.39469,0.05972129,89.27298114697139
0,1,569450,1227,24.182388415172,0.0579829461922969,92.0,2.0,11.9542487503675,4.20372152308145,0.000409589679506,17.452892,0.05820301,89.27298114697139
0,1,569450,1227,24.2403713613643,0.0579829461922969,94.0,2.0,11.9072037635989,4.12929635401353,0.000452818141723,17.509604,0.05671087,89.27298114697139
0,1,569450,1227,24.2983543075566,0.0579829461922969,96.0,2.0,11.8601587768303,4.0548711849456,0.00049604660394,17.564796,0.05519417,89.27298114697139
0,1,569450,1227,24.3563372537489,0.0579829461922969,98.0,2.0,11.8131137900617,3.98044601587768,0.000539275066157,17.618488,0.05369073,89.27298114697139
0,1,569450,1227,24.4143201999412,0.0579829461922969,100.0,2.0,11.7660688032931,3.90602084680976,0.000582503528374,17.671051,0.052563578,89.27298114697139
0,1,569450,1227,24.4723031461335,0.0579829461922969,102.0,2.0,11.7190238165246,3.83159567774184,0.000625731990591,17.721676,0.050623745,89.27298114697139
0,1,569450,1227,24.5302860923258,0.0579829461922969,104.0,2.0,11.671978829756,3.75717050867392,0.0006689604528079,17.770464,0.048788995,89.27298114697139
0,1,569450,1227,24.5882690385181,0.0579829461922934,106.0,2.0,11.6249338429874,3.682745339606,0.0007121889150249,17.819159,0.048693866,89.27298114697139
0,1,569450,1227,24.6462519847104,0.0579829461922969,108.0,2.0,11.5778888562188,3.60832017053808,0.0007554173772419,17.869972,0.050815076,89.27298114697139
0,1,569450,1227,24.7042349309027,0.0579829461922969,110.0,2.0,11.5308438694502,3.53389500147016,0.0007986458394589,17.923046,0.053073287,89.27298114697139
0,1,569450,1227,24.762217877095,0.0579829461922969,112.0,2.0,11.4837988826816,3.45946983240223,0.0008418743016759,17.97247,0.049423546,89.27298114697139
0,1,569450,1227,24.8202008232873,0.0579829461922969,114.0,2.0,11.436753895913,3.38504466333431,0.0008851027638929,18.008312,0.035843223,89.27298114697139
0,1,569450,1227,24.8781837694796,0.0579829461922969,116.0,2.0,11.3897089091444,3.31061949426639,0.0009283312261099,18.03615,0.027837962,89.27298114697139
0,1,569450,1227,24.9361667156719,0.0579829461922934,118.0,2.0,11.3426639223758,3.23619432519847,0.0009715596883269,18.058798,0.022647679,89.27298114697139
0,1,569450,1227,24.9941496618642,0.0579829461922969,120.0,2.0,11.2956189356072,3.16176915613055,0.0010147881505439,18.09277,0.033971578,89.27298114697139
0,1,569450,1227,25.0521326080565,0.0579829461922969,122.0,2.0,11.2485739488386,3.08734398706263,0.0010580166127609,18.13596,0.043190032,89.27298114697139
0,1,569450,1227,25.1101155542488,0.0579829461922969,124.0,2.0,11.20152896207,3.01291881799471,0.0011012450749779,18.17791,0.041950405,89.27298114697139
0,1,569450,1227,25.168098500441,0.0579829461922969,126.0,2.0,11.1544839753014,2.93849364892679,0.0011444735371949,18.214874,0.036964446,89.27298114697139
0,1,569450,1227,25.2260814466333,0.0579829461922969,128.0,2.0,11.1074389885328,2.86406847985886,0.0011877019994119,18.26989,0.05501455,89.27298114697139
0,1,569450,1227,25.2840643928256,0.0579829461922969,130.0,2.0,11.0603940017642,2.78964331079094,0.0012309304616289,18.31648,0.046590805,89.27298114697139
0,1,569450,1227,25.3420473390179,0.0579829461922969,132.0,2.0,11.0133490149956,2.71521814172302,0.0012741589238459,18.370672,0.05419275,89.27298114697139
0,1,569450,1227,25.4000302852102,0.0579829461922934,134.0,2.0,10.966304028227,2.6407929726551,0.0013173873860629,18.414865,0.044192553,89.27298114697139
0,1,569450,1227,25.4580132314025,0.0579829461922969,136.0,2.0,10.9192590414584,2.56636780358718,0.0013606158482799,18.461529,0.046663016,89.27298114697139
0,1,569450,1227,25.5159961775948,0.0579829461922969,138.0,2.0,10.8722140546898,2.49194263451926,0.0014038443104969,18.508839,0.04730901,89.27298114697139
0,1,569450,1227,25.5739791237871,0.0579829461922969,140.0,2.0,10.8251690679212,2.41751746545134,0.0014470727727139,18.553818,0.044979095,89.27298114697139
0,1,569450,1227,25.605,0.0310208762128781,142.0,2.0,10.8,2.3777,0.0014702,18.580513,0.026695251,89.27298114697139
0,1,569450,1228,0.462017854262295,0.462017854262295,2.0,2.0,15.6633901639344,2.59941455245902,0.0,3.4246874,3.4246874,89.27298114697139
0,1,569450,1228,1.04802769032787,0.586009836065574,4.0,2.0,15.794537704918,2.42338176557377,0.0,5.974182,2.5494945,89.27298114697139
0,1,569450,1228,1.63403752639344,0.586009836065574,6.0,2.0,15.9256852459016,2.24734897868852,0.0,7.7527924,1.7786102,89.27298114697139
0,1,569450,1228,2.08830186400426,0.454264337610817,8.0,2.0,15.6785525851394,2.13567015320009,0.0,8.259349,0.5065565,89.27298114697139
0,1,569450,1228,2.37029531965041,0.28199345564615,10.0,2.0,14.9367793882764,2.10814079632942,0.0,8.722543,0.46319413,89.27298114697139
0,1,569450,1228,2.65228877529656,0.281993455646151,12.0,2.0,14.1950061914134,2.08061143945875,0.0,9.100014,0.37747094,89.27298114697139
0,1,569450,1228,2.93428223094271,0.28199345564615,14.0,2.0,13.4532329945504,2.05308208258807,0.0,9.458288,0.3582742,89.27298114697139
0,1,569450,1228,3.21627568658886,0.28199345564615,16.0,2.0,12.7114597976873,2.0255527257174,0.0,9.813588,0.3553004,89.27298114697139
0,1,569450,1228,3.49826914223501,0.281993455646151,18.0,2.0,11.9696866008243,1.99802336884672,0.0,10.179384,0.36579567,89.27298114697139
0,1,569450,1228,3.78026259788116,0.28199345564615,20.0,2.0,11.2279134039613,1.97049401197605,0.0,10.546629,0.3672451,89.27298114697139
0,1,569450,1228,4.06225605352731,0.28199345564615,22.0,2.0,10.4861402070983,1.94296465510537,0.0,10.903411,0.3567821,89.27298114697139
0,1,569450,1228,4.3447,0.282443946472689,24.0,2.0,9.81522556390978,1.92355526315789,0.0,11.239988,0.33657712,89.27298114697139
0,1,569450,1228,4.6327,0.288,26.0,2.0,10.0182330827068,2.00429210526316,0.0,11.554576,0.31458807,89.27298114697139
0,1,569450,1228,4.9207,0.288,28.0,2.0,10.2212406015038,2.08502894736842,0.0,11.847138,0.29256248,89.27298114697139
0,1,569450,1228,5.2087,0.287999999999999,30.0,2.0,10.4242481203008,2.16576578947368,0.0,12.119528,0.27238873,89.27298114697139
0,1,569450,1228,5.4967,0.288,32.0,2.0,10.6272556390977,2.24650263157895,0.0,12.372664,0.25313646,89.27298114697139
0,1,569450,1228,5.7847,0.287999999999999,34.0,2.0,10.8302631578947,2.32723947368421,0.0,12.605882,0.23321766,89.27298114697139
0,1,569450,1228,6.0727,0.288,36.0,2.0,11.0332706766917,2.40797631578947,0.0,12.818383,0.2125017,89.27298114697139
0,1,569450,1228,6.3607,0.288,38.0,2.0,11.2362781954887,2.48871315789474,0.0,13.012258,0.19387424,89.27298114697139
0,1,569450,1228,6.6487,0.288,40.0,2.0,11.4392857142857,2.56945,0.0,13.189189,0.1769312,89.27298114697139
0,1,569450,1228,6.9367,0.287999999999999,42.0,2.0,11.6422932330827,2.65018684210526,0.0,13.351303,0.16211429,89.27298114697139
0,1,569450,1228,7.2247,0.288,44.0,2.0,11.8453007518797,2.73092368421053,0.0,13.502179,0.15087637,89.27298114697139
0,1,569450,1228,7.5127,0.287999999999999,46.0,2.0,12.0483082706767,2.81166052631579,0.0,13.645375,0.14319599,89.27298114697139
0,1,569450,1228,7.8007,0.288,48.0,2.0,12.2513157894737,2.89239736842105,0.0,13.781667,0.1362913,89.27298114697139
0,1,569450,1228,8.0887,0.288,50.0,2.0,12.4543233082707,2.97313421052632,0.0,13.912305,0.13063815,89.27298114697139
0,1,569450,1228,8.33330457695936,0.244604576959357,52.0,2.0,12.4936431120043,3.11319968420621,0.0,14.037214,0.12490925,89.27298114697139
0,1,569450,1228,8.56531048271336,0.232005905754008,54.0,2.0,12.4854406758807,3.270489599311,0.0,14.156602,0.11938813,89.27298114697139
0,1,569450,1228,8.79731638846737,0.23200590575401,56.0,2.0,12.4772382397572,3.42777951441578,0.0,14.270783,0.114180654,89.27298114697139
0,1,569450,1228,9.02932229422138,0.23200590575401,58.0,2.0,12.4690358036337,3.58506942952057,0.0,14.3796835,0.10890037,89.27298114697139
0,1,569450,1228,9.26132819997539,0.232005905754008,60.0,2.0,12.4608333675102,3.74235934462535,0.0,14.4829235,0.10324058,89.27298114697139
0,1,569450,1228,9.4933341057294,0.23200590575401,62.0,2.0,12.4526309313866,3.89964925973014,0.0,14.580521,0.097597,89.27298114697139
0,1,569450,1228,9.72534001148341,0.23200590575401,64.0,2.0,12.4444284952631,4.05693917483493,0.0,14.672474,0.09195331,89.27298114697139
0,1,569450,1228,9.95734591723742,0.232005905754008,66.0,2.0,12.4362260591396,4.21422908993971,0.0,14.758864,0.08638981,89.27298114697139
0,1,569450,1228,10.1893518229914,0.23200590575401,68.0,2.0,12.428023623016,4.3715190050445,0.0,14.840158,0.08129439,89.27298114697139
0,1,569450,1228,10.4213577287454,0.23200590575401,70.0,2.0,12.4198211868925,4.52880892014928,0.0,14.9174,0.07724208,89.27298114697139
0,1,569450,1228,10.6533636344994,0.232005905754008,72.0,2.0,12.411618750769,4.68609883525407,0.0,14.991739,0.07433894,89.27298114697139
0,1,569450,1228,10.8853695402535,0.23200590575401,74.0,2.0,12.4034163146454,4.84338875035886,0.0,15.063598,0.07185778,89.27298114697139
0,1,569450,1228,11.0088462938767,0.123476753623256,76.0,2.0,12.3725883406492,4.865534754907,2.51519106830894e-05,15.1328335,0.06923604,89.27298114697139
0,1,569450,1228,11.0548553665018,0.0460090726250417,78.0,2.0,12.3256103469031,4.79121556880074,6.82571560697036e-05,15.19946,0.066627204,89.27298114697139
0,1,569450,1228,11.1008644391268,0.0460090726250435,80.0,2.0,12.2786323531571,4.71689638269448,0.0001113624014563,15.264003,0.06454247,89.27298114697139
0,1,569450,1228,11.1468735117518,0.0460090726250417,82.0,2.0,12.231654359411,4.64257719658822,0.0001544676468429,15.326689,0.062686086,89.27298114697139
0,1,569450,1228,11.1928825843769,0.0460090726250417,84.0,2.0,12.184676365665,4.56825801048196,0.0001975728922295,15.387768,0.061078727,89.27298114697139
0,1,569450,1228,11.2388916570019,0.0460090726250417,86.0,2.0,12.1376983719189,4.49393882437571,0.0002406781376161,15.447335,0.05956793,89.27298114697139
0,1,569450,1228,11.284900729627,0.0460090726250435,88.0,2.0,12.0907203781729,4.41961963826945,0.0002837833830027,15.505262,0.057927042,89.27298114697139
0,1,569450,1228,11.330909802252,0.0460090726250417,90.0,2.0,12.0437423844268,4.34530045216319,0.0003268886283893,15.561351,0.056087703,89.27298114697139
0,1,569450,1228,11.376918874877,0.0460090726250417,92.0,2.0,11.9967643906807,4.27098126605693,0.000369993873776,15.615485,0.0541344,89.27298114697139
0,1,569450,1228,11.4229279475021,0.0460090726250417,94.0,2.0,11.9497863969347,4.19666207995067,0.0004130991191626,15.66765,0.05216539,89.27298114697139
0,1,569450,1228,11.4689370201271,0.0460090726250435,96.0,2.0,11.9028084031886,4.12234289384441,0.0004562043645492,15.718212,0.050561458,89.27298114697139
0,1,569450,1228,11.5149460927522,0.0460090726250417,98.0,2.0,11.8558304094426,4.04802370773816,0.0004993096099358,15.767891,0.04967931,89.27298114697139
0,1,569450,1228,11.5609551653772,0.0460090726250417,100.0,2.0,11.8088524156965,3.9737045216319,0.0005424148553224,15.817123,0.049231976,89.27298114697139
0,1,569450,1228,11.6069642380023,0.0460090726250435,102.0,2.0,11.7618744219505,3.89938533552564,0.000585520100709,15.866127,0.049004316,89.27298114697139
0,1,569450,1228,11.6529733106273,0.0460090726250417,104.0,2.0,11.7148964282044,3.82506614941938,0.0006286253460956,15.914309,0.048181713,89.27298114697139
0,1,569450,1228,11.6989823832523,0.0460090726250417,106.0,2.0,11.6679184344584,3.75074696331312,0.0006717305914823,15.961626,0.047317386,89.27298114697139
0,1,569450,1228,11.7449914558774,0.0460090726250417,108.0,2.0,11.6209404407123,3.67642777720686,0.0007148358368689,16.008734,0.04710722,89.27298114697139
0,1,569450,1228,11.7910005285024,0.0460090726250435,110.0,2.0,11.5739624469662,3.60210859110061,0.0007579410822555,16.058065,0.04933265,89.27298114697139
0,1,569450,1228,11.8370096011275,0.0460090726250417,112.0,2.0,11.5269844532202,3.52778940499435,0.0008010463276421,16.109755,0.05168903,89.27298114697139
0,1,569450,1228,11.8830186737525,0.0460090726250417,114.0,2.0,11.4800064594741,3.45347021888809,0.0008441515730287,16.158077,0.048321903,89.27298114697139
0,1,569450,1228,11.9290277463776,0.0460090726250435,116.0,2.0,11.4330284657281,3.37915103278183,0.0008872568184153,16.193226,0.0351485,89.27298114697139
0,1,569450,1228,11.9750368190026,0.0460090726250417,118.0,2.0,11.386050471982,3.30483184667557,0.0009303620638019,16.220266,0.027040035,89.27298114697139
0,1,569450,1228,12.0210458916276,0.0460090726250417,120.0,2.0,11.339072478236,3.23051266056931,0.0009734673091886,16.24198,0.021714479,89.27298114697139
0,1,569450,1228,12.0670549642527,0.0460090726250417,122.0,2.0,11.2920944844899,3.15619347446306,0.0010165725545752,16.274351,0.032371372,89.27298114697139
0,1,569450,1228,12.1130640368777,0.0460090726250435,124.0,2.0,11.2451164907439,3.0818742883568,0.0010596777999618,16.315292,0.040940374,89.27298114697139
0,1,569450,1228,12.1590731095028,0.0460090726250417,126.0,2.0,11.1981384969978,3.00755510225054,0.0011027830453484,16.355316,0.040023476,89.27298114697139
0,1,569450,1228,12.2050821821278,0.0460090726250417,128.0,2.0,11.1511605032518,2.93323591614428,0.001145888290735,16.390875,0.03556037,89.27298114697139
0,1,569450,1228,12.2510912547529,0.0460090726250417,130.0,2.0,11.1041825095057,2.85891673003802,0.0011889935361216,16.444368,0.053492904,89.27298114697139
0,1,569450,1228,12.2971003273779,0.0460090726250435,132.0,2.0,11.0572045157596,2.78459754393176,0.0012320987815082,16.49032,0.0459522,89.27298114697139
0,1,569450,1228,12.3431094000029,0.0460090726250417,134.0,2.0,11.0102265220136,2.71027835782551,0.0012752040268949,16.542797,0.05247572,89.27298114697139
0,1,569450,1228,12.389118472628,0.0460090726250417,136.0,2.0,10.9632485282675,2.63595917171925,0.0013183092722815,16.584555,0.04175785,89.27298114697139
0,1,569450,1228,12.435127545253,0.0460090726250435,138.0,2.0,10.9162705345215,2.56163998561299,0.0013614145176681,16.627968,0.043413997,89.27298114697139
0,1,569450,1228,12.4811366178781,0.0460090726250417,140.0,2.0,10.8692925407754,2.48732079950673,0.0014045197630547,16.671812,0.043842882,89.27298114697139
0,1,569450,1228,12.5271456905031,0.0460090726250417,142.0,2.0,10.8223145470294,2.41300161340047,0.0014476250084413,16.713081,0.041269183,89.27298114697139
0,1,569450,1228,12.549,0.021854309496895,144.0,2.0,10.8,2.3777,0.0014681,16.736526,0.023445219,89.27298114697139
0,1,569450,1408,1.2800079557132,1.2800079557132,2.0,2.0,12.68,0.86289,0.53039,2.175178,2.175178,89.27298114697139
0,1,569450,1408,2.20602890539473,0.926020949681535,4.0,2.0,12.6472973684575,0.856619270401729,0.461894883278134,2.64535,0.47017193,89.27298114697139
0,1,569450,1408,2.76603888280698,0.560009977412247,6.0,2.0,12.580781286809,0.843864811745631,0.322578058866732,3.0634184,0.41806847,89.27298114697139
0,1,569450,1408,3.32604886021923,0.560009977412247,8.0,2.0,12.5142652051605,0.831110353089533,0.18326123445533,3.3960996,0.33268112,89.27298114697139
0,1,569450,1408,3.88605883763147,0.560009977412247,10.0,2.0,12.447749123512,0.818355894433435,0.0439444100439284,3.7227166,0.32661703,89.27298114697139
0,1,569450,1408,4.28701910828025,0.400960270648782,12.0,2.0,12.5815923566879,0.739595063694268,0.0431976687898089,4.0266824,0.3039658,89.27298114697139
0,1,569450,1408,4.66700678035751,0.379987672077255,14.0,2.0,12.7418553523731,0.652130506472159,0.0607230437641257,4.3608427,0.3341602,89.27298114697139
0,1,569450,1408,5.04699445243476,0.379987672077255,16.0,2.0,12.9021183480584,0.564665949250051,0.0782484187384426,4.7246923,0.3638497,89.27298114697139
0,1,569450,1408,5.42698212451202,0.379987672077255,18.0,2.0,13.0623813437436,0.477201392027943,0.0957737937127594,5.1118402,0.38714787,89.27298114697139
0,1,569450,1408,5.80466017522899,0.377678050716972,20.0,2.0,13.2106252489048,0.390222373556352,0.113619796893668,5.4741583,0.36231813,89.27298114697139
0,1,569450,1408,6.04467079516793,0.240010619938936,22.0,2.0,12.6424585158635,0.332184407274658,0.15057718438869,5.7961917,0.32203335,89.27298114697139
0,1,569450,1408,6.28468141510686,0.240010619938936,24.0,2.0,12.0742917828222,0.274146440992964,0.187534571883712,6.0642357,0.26804423,89.27298114697139
0,1,569450,1408,6.5246920350458,0.240010619938935,26.0,2.0,11.506125049781,0.21610847471127,0.224491959378734,6.2818723,0.21763617,89.27298114697139
0,1,569450,1408,6.73969129088446,0.214999255838661,28.0,2.0,11.0838707180182,0.217112610799303,0.244660164505516,6.4528036,0.17093164,89.27298114697139
0,1,569450,1408,6.8796564544223,0.139965163537836,30.0,2.0,11.099353590091,0.395243053996516,0.214460822527579,6.6000338,0.14722997,89.27298114697139
0,1,569450,1408,7.01962161796013,0.139965163537837,32.0,2.0,11.1148364621637,0.573373497193729,0.184261480549642,6.7437053,0.14367172,89.27298114697139
0,1,569450,1408,7.11962626507912,0.100004647118984,34.0,2.0,11.2828920570265,0.644793289205703,0.15600143114523,6.89312,0.14941439,89.27298114697139
0,1,569450,1408,7.19963566504778,0.0800093999686666,36.0,2.0,11.5272912423625,0.662817729124236,0.128711755444149,7.0350733,0.14195326,89.27298114697139
0,1,569450,1408,7.27964506501645,0.0800093999686666,38.0,2.0,11.7716904276986,0.68084216904277,0.101422079743068,7.1760635,0.14099064,89.27298114697139
0,1,569450,1408,7.35965446498512,0.0800093999686675,40.0,2.0,12.0160896130346,0.698866608961303,0.0741324040419865,7.3172965,0.1412327,89.27298114697139
0,1,569450,1408,7.43966386495378,0.0800093999686666,42.0,2.0,12.2604887983707,0.716891048879837,0.0468427283409055,7.479142,0.1618456,89.27298114697139
0,1,569450,1408,7.51967326492245,0.0800093999686666,44.0,2.0,12.5048879837067,0.734915488798371,0.0195530526398245,7.639105,0.15996298,89.27298114697139
0,1,569450,1408,7.64501654601861,0.125343281096164,46.0,2.0,13.3073940020683,0.74783,0.0,7.8042264,0.16512144,89.27298114697139
0,1,569450,1408,7.809,0.163983453981386,48.0,2.0,14.82,0.74783,0.0,7.935162,0.13093549,89.27298114697139
0,1,569450,1457,0.575503994,0.575503994,2.0,2.0,20.1833,0.53496729,0.0,0.46479958,0.46479958,89.27298114697139
0,1,569450,1457,0.888807331,0.313303337,4.0,2.0,22.435805,0.9299236165,0.0,0.92959917,0.46479958,89.27298114697139
0,1,569450,1457,1.10326273,0.214455399,6.0,2.0,23.79165,1.331198408,0.0,1.1874557,0.25785655,89.27298114697139
0,1,569450,1457,1.20163554311236,0.0983728131123556,8.0,2.0,23.7100789921008,1.88774609872346,0.0,1.2459836,0.058527946,89.27298114697139
0,1,569450,1457,1.26089628370496,0.0592607405926073,10.0,2.0,22.510198980102,2.25924228243842,0.0,1.1995068,-0.0464769,89.27298114697139
0,1,569450,1457,1.26724985,0.0063535662950371,12.0,2.0,18.9306,1.9806157,0.70644375,1.0980219,-0.101484895,89.27298114697139
0,1,569450,1457,1.27314985,0.0059,14.0,2.0,15.3306,1.6964157,1.41894375,1.0206234,-0.07739836,89.27298114697139
0,1,569450,1457,1.2732,5.01500000000821e-05,16.0,2.0,14.258925,1.1967478775,0.71855625,0.98504144,-0.035582066,89.27298114697139
0,1,569450,1457,1.2732,0.0,18.0,2.0,13.208925,0.6952328775,0.0060562499999998,0.9711596,-0.013881892,89.27298114697139
0,1,569450,1457,1.308447825,0.0352478249999999,20.0,2.0,13.69575,0.74621638,0.0,0.9623182,-0.008841336,89.27298114697139
0,1,569450,1457,1.343997825,0.03555,22.0,2.0,14.19575,0.80193638,0.0,0.9760025,0.013684303,89.27298114697139
0,1,569450,1457,1.3501829,0.0061850750000001,24.0,2.0,16.6457,0.64771617,0.0,0.98845685,0.012454301,89.27298114697139
0,1,569450,1457,1.3532,0.0030170999999998,26.0,2.0,19.1464074387151,0.46650696534235,0.0,1.01033,0.021873116,89.27298114697139
0,1,569450,1457,1.3532,0.0,28.0,2.0,19.4,0.44578,0.0,0.99496555,-0.015364379,89.27298114697139
0,1,569450,1458,2.6075,2.6075,2.0,2.0,23.4,1.0081,0.0,3.5541651,3.5541651,89.27298114697139
0,1,569450,1458,2.84435,0.23685,4.0,2.0,24.55,1.36265,0.0,4.018965,0.46479958,89.27298114697139
0,1,569450,1458,2.93913333333333,0.094783333333333,6.0,2.0,25.2,1.37003333333333,0.0,4.46121,0.44224522,89.27298114697139
0,1,569450,1458,2.9806,0.0414666666666665,8.0,2.0,25.6,1.0081,0.0,4.7111692,0.24995923,89.27298114697139
0,1,569450,1458,2.9865,0.0059,10.0,2.0,23.15,1.1632,0.0,4.8335624,0.1223931,89.27298114697139
0,1,569450,1458,2.9924,0.0059,12.0,2.0,20.7,1.3183,0.0,4.8971696,0.063607335,89.27298114697139
0,1,569450,1458,2.9983,0.0059,14.0,2.0,18.8,1.00258,0.0,4.956355,0.059185654,89.27298114697139
0,1,569450,1458,3.0042,0.0059,16.0,2.0,16.9,0.68686,0.0,5.018548,0.062192798,89.27298114697139
0,1,569450,1458,3.0042,0.0,18.0,2.0,15.4,0.781025,0.0,5.06243,0.043882012,89.27298114697139
0,1,569450,1458,3.0042,0.0,20.0,2.0,13.9,0.87519,0.0,5.091062,0.028631866,89.27298114697139
0,1,569450,1458,3.022,0.0177999999999998,22.0,2.0,16.5,0.786563333333333,0.0,5.106677,0.015615016,89.27298114697139
0,1,569450,1458,3.03976666666667,0.0177666666666667,24.0,2.0,20.0333333333333,0.705323333333333,0.0,5.1044283,-0.0022486448,89.27298114697139
0,1,569450,1458,3.0575,0.0177333333333336,26.0,2.0,24.5,0.63147,0.0,5.077209,-0.027219117,89.27298114697139
0,1,569450,1458,3.06936666666667,0.0118666666666667,28.0,2.0,26.8333333333333,1.13369,0.0,5.0188403,-0.05836892,89.27298114697139
0,1,569450,1458,3.0842,0.0148333333333333,30.0,2.0,28.0,1.8538,0.0,4.942518,-0.07632226,89.27298114697139
0,1,569450,1458,3.102,0.0177999999999998,32.0,2.0,28.0,2.7918,0.0,4.8470273,-0.09549087,89.27298114697139
0,1,569450,1458,3.1079,0.0059,34.0,2.0,25.9,2.58685,0.0,4.756119,-0.09090817,89.27298114697139
0,1,569450,1458,3.1138,0.0059,36.0,2.0,23.8,2.3819,0.0,4.692133,-0.063985825,89.27298114697139
0,1,569450,1458,3.13155,0.0177499999999999,38.0,2.0,21.75,1.82795,0.81,4.6514463,-0.040686667,89.27298114697139
0,1,569450,1458,3.1493,0.0177500000000004,40.0,2.0,19.7,1.274,1.62,4.6066875,-0.044758737,89.27298114697139
0,1,569450,1458,3.29145,0.14215,42.0,2.0,17.6,1.7504,2.0625,4.5530257,-0.053661823,89.27298114697139
0,1,569450,1458,3.4336,0.14215,44.0,2.0,15.5,2.2268,2.505,4.509769,-0.04325682,89.27298114697139
0,1,569450,1458,3.43953333333333,0.0059333333333331,46.0,2.0,15.7666666666667,1.39958666666667,0.901666666666667,4.4864,-0.023368895,89.27298114697139
0,1,569450,1458,3.4425,0.0029666666666665,48.0,2.0,16.615137067938,1.21924181962654,0.0602701628923322,4.4826617,-0.0037383437,89.27298114697139
0,1,569450,1458,3.4425,0.0,50.0,2.0,17.7,1.5731,0.0,4.447803,-0.034858614,89.27298114697139
0,1,569450,1471,1.60082332,1.60082332,2.0,2.0,9.68666,0.914550744,0.0,3.1810532,3.1810532,89.27298114697139
0,1,569450,1471,2.442339165,0.841515845,4.0,2.0,9.560005,1.333743595,0.0,4.478417,1.2973638,89.27298114697139
0,1,569450,1471,2.76530815,0.322968985,6.0,2.0,9.18223,1.19185207,0.0,4.987041,0.5086239,89.27298114697139
0,1,569450,1471,2.94297481666667,0.177666666666667,8.0,2.0,8.71556333333333,1.13431873666667,0.0,5.3128877,0.32584703,89.27298114697139
0,1,569450,1471,3.03475248452122,0.0917776678545534,10.0,2.0,8.37779138854862,1.08896627917635,0.0,5.5794344,0.2665468,89.27298114697139
0,1,569450,1471,3.12356693082673,0.0888144463055092,12.0,2.0,8.04446638834029,1.04403406914827,0.0,5.7374263,0.15799147,89.27298114697139
0,1,569450,1471,3.21238137713224,0.0888144463055087,14.0,2.0,7.71114138813196,0.999101859120189,0.0,5.8642964,0.12687051,89.27298114697139
0,1,569450,1471,3.30119582343775,0.0888144463055092,16.0,2.0,7.37781638792364,0.954169649092106,0.0,5.982249,0.11795205,89.27298114697139
0,1,569450,1471,3.39001026974326,0.0888144463055092,18.0,2.0,7.04449138771531,0.909237439064023,0.0,6.0968685,0.11461976,89.27298114697139
0,1,569450,1471,3.47882471604877,0.0888144463055087,20.0,2.0,6.71116638750698,0.864305229035941,0.0,6.2062316,0.10936305,89.27298114697139
0,1,569450,1471,3.56198743943347,0.0831627233847052,22.0,2.0,5.54726052925829,0.839493048825941,0.0,6.2943525,0.08812088,89.27298114697139
0,1,569450,1471,3.65472747979427,0.0927400403607987,24.0,2.0,6.50827822679402,0.946005351457262,0.0,6.3653855,0.07103327,89.27298114697139
0,1,569450,1471,3.7533314474651,0.0986039676708304,26.0,2.0,8.76152338966446,1.13089391378888,0.0,6.410316,0.04493031,89.27298114697139
0,1,569450,1471,3.8220579,0.0687264525349005,28.0,2.0,9.1165,1.239379825,0.0,6.437151,0.026834846,89.27298114697139
0,1,569450,1471,3.8694579,0.0474000000000001,30.0,2.0,8.1165,1.293329825,0.0,6.443513,0.0063619018,89.27298114697139
0,1,569450,1471,3.899557125,0.0300992250000003,32.0,2.0,7.145675,1.21196034,0.0,6.427102,-0.01641041,89.27298114697139
0,1,569450,1471,3.917307125,0.0177499999999999,34.0,2.0,6.195675,1.03400034,0.0,6.411451,-0.015651256,89.27298114697139
0,1,569450,1471,3.935057125,0.0177499999999999,36.0,2.0,5.245675,0.85604034,0.0,6.4181256,0.0066744983,89.27298114697139
0,1,569450,1471,3.952807125,0.0177499999999999,38.0,2.0,4.295675,0.67808034,0.0,6.4356785,0.017552912,89.27298114697139
0,1,569450,1471,3.967114475,0.0143073500000002,40.0,2.0,3.49155,0.717234855,0.0,6.4508233,0.015145063,89.27298114697139
0,1,569450,1471,3.978964475,0.0118499999999999,42.0,2.0,2.79155,0.911364855,0.0,6.456869,0.00604555,89.27298114697139
0,1,569450,1471,3.987371825,0.0084073500000001,44.0,2.0,2.762575,1.036268415,0.0,6.481771,0.024902076,89.27298114697139
0,1,569450,1471,3.993321825,0.0059499999999999,46.0,2.0,3.212575,1.111758415,0.0,6.5161977,0.03442651,89.27298114697139
0,1,569450,1471,4.0061183557394,0.0127965307394002,48.0,2.0,4.6671664943123,0.798295382626681,0.0,6.5558686,0.039670855,89.27298114697139
0,1,569450,1471,4.0129,0.0067816442605996,50.0,2.0,5.5,0.57161,0.0,6.554846,-0.0010229051,89.27298114697139
0,1,569450,1475,3.9978,3.9978,2.0,2.0,20.6,5.421,0.0,4.6954613,4.6954613,89.27298114697139
0,1,569450,1475,5.2488,1.251,4.0,2.0,23.25,5.38135,0.0,7.5930023,2.8975413,89.27298114697139
0,1,569450,1475,5.995,0.7462,6.0,2.0,23.3,4.5591,0.0,8.569582,0.97657937,89.27298114697139
0,1,569450,1475,6.2407,0.2457,8.0,2.0,22.55,3.1046,0.0,8.999785,0.43020347,89.27298114697139
0,1,569450,1475,6.35915,0.118449999999999,10.0,2.0,21.7,2.3816,0.0,9.357577,0.35779202,89.27298114697139
0,1,569450,1475,6.4420875,0.0829374999999999,12.0,2.0,20.3125,1.8939375,0.0,9.551727,0.19415036,89.27298114697139
0,1,569450,1475,6.5072375,0.06515,14.0,2.0,18.3625,1.4856875,0.0,9.675285,0.12355751,89.27298114697139
0,1,569450,1475,6.5620125,0.0547750000000002,16.0,2.0,16.5375,1.15397875,0.0,9.805681,0.13039625,89.27298114697139
0,1,569450,1475,6.5856625,0.0236499999999999,18.0,2.0,15.0875,1.05189375,0.0,9.957864,0.15218267,89.27298114697139
0,1,569450,1475,6.616725,0.0310625,20.0,2.0,14.05,1.1482725,0.0,10.132131,0.1742667,89.27298114697139
0,1,569450,1475,6.68485,0.0681250000000002,22.0,2.0,14.85,2.251175,0.0,10.323479,0.19134822,89.27298114697139
0,1,569450,1475,6.85219473684211,0.167344736842105,24.0,2.0,17.3789473684211,4.15262807017544,0.0,10.522149,0.19866952,89.27298114697139
0,1,569450,1475,7.18377368421053,0.331578947368421,26.0,2.0,19.6947368421053,4.74954035087719,0.0,10.722554,0.20040575,89.27298114697139
0,1,569450,1475,7.41769,0.233916315789473,28.0,2.0,21.9975,5.44338,0.0,10.904517,0.18196297,89.27298114697139
0,1,569450,1475,7.5771825,0.159492500000001,30.0,2.0,22.8125,5.1754525,0.0,11.039691,0.13517341,89.27298114697139
0,1,569450,1475,7.705675,0.1284925,32.0,2.0,22.57,5.1108,0.0,11.130557,0.090866596,89.27298114697139
0,1,569450,1475,7.8069225,0.101247499999999,34.0,2.0,21.5525,4.90680625,0.0,11.183417,0.052859664,89.27298114697139
0,1,569450,1475,7.8602225,0.0533000000000001,36.0,2.0,19.2525,4.23205625,0.0,11.204294,0.020876914,89.27298114697139
0,1,569450,1475,7.90005125,0.0398287500000007,38.0,2.0,16.8875,3.45408625,0.0,11.197174,-0.0071202517,89.27298114697139
0,1,569450,1475,7.91190125,0.0118499999999999,40.0,2.0,14.3875,2.46173625,0.0,11.182255,-0.014918983,89.27298114697139
0,1,569450,1475,7.9199,0.0079987499999996,42.0,2.0,12.19625,1.5689045,0.0,11.187976,0.005720794,89.27298114697139
0,1,569450,1475,7.9199,0.0,44.0,2.0,10.64625,0.882764500000001,0.0,11.206676,0.018699855,89.27298114697139
0,1,569450,1475,7.93721166666667,0.0173116666666662,46.0,2.0,10.8566666666667,0.834900666666666,0.0,11.231179,0.024503708,89.27298114697139
0,1,569450,1475,7.99047833333333,0.0532666666666666,48.0,2.0,14.7233333333333,2.11268733333333,0.0,11.249517,0.018338293,89.27298114697139
0,1,569450,1475,8.063325,0.0728466666666661,50.0,2.0,18.095,3.15965,0.0,11.278673,0.029156238,89.27298114697139
0,1,569450,1475,8.13454069728461,0.0712156972846127,52.0,2.0,20.8229634596044,3.8333,0.0,11.340957,0.06228292,89.27298114697139
0,1,569450,1475,8.19374284277573,0.0592021454911169,54.0,2.0,22.4320817968488,3.8333,0.0,11.407634,0.066676915,89.27298114697139
0,1,569450,1475,8.2036,0.0098571572242711,56.0,2.0,22.7,3.8333,0.0,11.430014,0.02238053,89.27298114697139
0,1,569450,1491,2.80458542,2.80458542,2.0,2.0,15.87014,1.23030496,0.0,3.0114164,3.0114164,89.27298114697139
0,1,569450,1491,3.35368974333333,0.549104323333333,4.0,2.0,13.3411266666667,1.235851773,0.0,3.7021275,0.69071114,89.27298114697139
0,1,569450,1491,3.60242307666667,0.248733333333333,6.0,2.0,12.4077933333333,0.919471773,0.0,4.1389327,0.436805,89.27298114697139
0,1,569450,1491,3.65146880655967,0.0490457298930056,8.0,2.0,11.8050397480126,0.788483852307385,0.0,4.4048443,0.26591146,89.27298114697139
0,1,569450,1491,3.69883310501142,0.0473642984517442,10.0,2.0,11.2050697465127,0.659056990317151,0.0,4.6103926,0.20554867,89.27298114697139
0,1,569450,1491,3.74619740346316,0.0473642984517442,12.0,2.0,10.6050997450127,0.529630128326917,0.0,4.747882,0.13748938,89.27298114697139
0,1,569450,1491,3.7466,0.0004025965368397,14.0,2.0,11.922,0.47149231,0.0,4.8758388,0.12795675,89.27298114697139
0,1,569450,1491,3.85722026666667,0.110620266666667,16.0,2.0,15.6145333333333,0.986513993333334,0.0,5.001163,0.12532401,89.27298114697139
0,1,569450,1491,4.08228693333333,0.225066666666666,18.0,2.0,21.7478666666667,2.09388732666667,0.0,5.1074667,0.10630402,89.27298114697139
0,1,569450,1491,4.2427078,0.160420866666667,20.0,2.0,23.7169,2.7235824,0.0,5.1829796,0.0755125,89.27298114697139
0,1,569450,1491,4.33271593333333,0.0900081333333338,22.0,2.0,23.8480666666667,2.40199636666667,0.018567887,5.2161913,0.033211768,89.27298114697139
0,1,569450,1491,4.35044926666667,0.0177333333333332,24.0,2.0,22.1147333333333,1.10046303333333,0.056345887,5.2150054,-0.001185745,89.27298114697139
0,1,569450,1491,4.3564829,0.0060336333333337,26.0,2.0,20.3814,0.95750406,0.0450995,5.1764936,-0.038511932,89.27298114697139
0,1,569450,1491,4.36241623333333,0.0059333333333331,28.0,2.0,18.6480666666667,0.824477393333333,0.0334328333333333,5.129753,-0.046740353,89.27298114697139
0,1,569450,1491,4.36834956666667,0.0059333333333331,30.0,2.0,16.9147333333333,0.691450726666667,0.0217661666666667,5.0976768,-0.032076538,89.27298114697139
0,1,569450,1491,4.3684,5.04333333335438e-05,32.0,2.0,15.74325,0.651106175,0.0145060565,5.0818787,-0.015797943,89.27298114697139
0,1,569450,1491,4.3684,0.0,34.0,2.0,14.5765833333333,0.611556175,0.0072837231666666,5.075732,-0.006146401,89.27298114697139
0,1,569450,1491,4.3684,0.0,36.0,2.0,13.4099166666667,0.572006175,6.13898333333418e-05,5.0656524,-0.0100800395,89.27298114697139
0,1,569450,1491,4.4095142,0.0411142,38.0,2.0,13.7966,0.45046904,0.0,5.0642385,-0.0014138222,89.27298114697139
0,1,569450,1491,4.43931593333333,0.0298017333333336,40.0,2.0,15.8677,0.515542966666666,0.0,5.086423,0.02218476,89.27298114697139
0,1,569450,1491,4.45704926666667,0.0177333333333332,42.0,2.0,19.6677,0.774409633333333,0.0,5.1135306,0.027107686,89.27298114697139
0,1,569450,1491,4.4883,0.0312507333333327,44.0,2.0,23.3,0.7119,0.0,5.1028695,-0.010661364,89.27298114697139
0,1,569450,1506,0.165,0.165,2.0,2.0,17.2,2.52,0.0,-0.21397638,-0.21397638,89.27298114697139
0,1,569450,1506,0.309,0.144,4.0,2.0,17.9,1.93,0.0,-0.33655286,-0.122576475,89.27298114697139
0,1,569450,1506,0.35,0.041,6.0,2.0,16.6,1.9,0.0,-0.34910128,-0.012548417,89.27298114697139
0,1,569450,1506,0.356,0.006,8.0,2.0,10.5,0.28,0.0,-0.34899658,0.00010469556,89.27298114697139
0,1,569450,1506,0.361,0.005,10.0,2.0,8.8,0.68,0.0,-0.44890344,-0.09990686,89.27298114697139
0,1,569450,1506,0.369,0.008,12.0,2.0,6.4,0.62,0.0,-0.57817495,-0.1292715,89.27298114697139
0,1,569450,1506,0.371,0.002,14.0,2.0,6.1,0.625,0.0,-0.69906217,-0.12088722,89.27298114697139
0,1,569450,1506,0.373,0.002,16.0,2.0,5.8,0.63,0.0,-0.7887806,-0.08971846,89.27298114697139
0,1,569450,1506,0.398,0.025,18.0,2.0,8.45,1.25,0.0,-0.8599118,-0.07113117,89.27298114697139
0,1,569450,1506,0.423,0.025,20.0,2.0,11.1,1.87,0.0,-0.9114527,-0.05154091,89.27298114697139
0,1,569450,1506,0.4785,0.0555,22.0,2.0,15.65,2.31,0.0,-0.9435309,-0.032078207,89.27298114697139
0,1,569450,1506,0.534,0.0555,24.0,2.0,20.2,2.75,0.0,-0.9555994,-0.01206848,89.27298114697139
0,1,569450,1506,0.559,0.025,26.0,2.0,18.45,2.15,0.0,-0.95447004,0.0011293292,89.27298114697139
0,1,569450,1506,0.584,0.025,28.0,2.0,16.7,1.55,0.0,-0.95832586,-0.0038557649,89.27298114697139
0,1,569450,1506,0.609,0.0249999999999999,30.0,2.0,14.95,0.95,0.0,-0.9682349,-0.009909034,89.27298114697139
0,1,569450,1506,0.634,0.025,32.0,2.0,13.2,0.35,0.0,-0.98327804,-0.015043139,89.27298114697139
0,1,569450,1506,0.63325,-0.00075,34.0,2.0,12.725,0.5575,0.0,-0.99651027,-0.013232291,89.27298114697139
0,1,569450,1506,0.6325,-0.0007499999999999,36.0,2.0,12.25,0.765,0.0,-1.004379,-0.007868797,89.27298114697139
0,1,569450,1506,0.63175,-0.00075,38.0,2.0,11.775,0.9725,0.0,-1.0089289,-0.004549831,89.27298114697139
0,1,569450,1506,0.631,-0.00075,40.0,2.0,11.3,1.18,0.0,-1.0128652,-0.0039362907,89.27298114697139
0,1,569450,1506,0.62775,-0.0032499999999999,42.0,2.0,14.3,1.41,0.0,-1.0131707,-0.000305444,89.27298114697139
0,1,569450,1506,0.6245,-0.0032499999999999,44.0,2.0,17.3,1.64,0.0,-1.002596,0.010574669,89.27298114697139
0,1,569450,1506,0.62125,-0.00325,46.0,2.0,20.3,1.87,0.0,-0.979234,0.02336204,89.27298114697139
0,1,569450,1506,0.618,-0.0032499999999999,48.0,2.0,23.3,2.1,0.0,-0.9437895,0.03544444,89.27298114697139
0,1,569450,1506,0.6195,0.0014999999999999,50.0,2.0,21.65,1.93,0.0,-0.90405744,0.03973207,89.27298114697139
0,1,569450,1506,0.621,0.0015,52.0,2.0,20.0,1.76,0.0,-0.87033916,0.033718288,89.27298114697139
0,1,569450,1506,0.6225,0.0015,54.0,2.0,18.35,1.59,0.0,-0.84298176,0.0273574,89.27298114697139
0,1,569450,1506,0.624,0.0014999999999999,56.0,2.0,16.7,1.42,0.0,-0.81812096,0.0248608,89.27298114697139
0,1,569450,1506,0.62725,0.0032499999999999,58.0,2.0,15.05,1.305,0.0,-0.79143316,0.0266878,89.27298114697139
0,1,569450,1506,0.6305,0.00325,60.0,2.0,13.4,1.19,0.0,-0.7579736,0.033459544,89.27298114697139
0,1,569450,1506,0.63375,0.0032499999999999,62.0,2.0,11.75,1.075,0.0,-0.7170869,0.04088667,89.27298114697139
0,1,569450,1506,0.637,0.0032499999999999,64.0,2.0,10.1,0.96,0.0,-0.6711199,0.045967042,89.27298114697139
0,1,569450,1506,0.645,0.008,66.0,2.0,12.875,1.155,0.0,-0.619803,0.051316887,89.27298114697139
0,1,569450,1506,0.653,0.008,68.0,2.0,15.65,1.35,0.0,-0.5614393,0.058363706,89.27298114697139
0,1,569450,1506,0.661,0.008,70.0,2.0,18.425,1.545,0.0,-0.49809352,0.06334579,89.27298114697139
0,1,569450,1506,0.669,0.008,72.0,2.0,21.2,1.74,0.0,-0.43380356,0.06428996,89.27298114697139
0,1,569450,1506,0.66725,-0.00175,74.0,2.0,20.05,1.585,0.0,-0.37400752,0.059796035,89.27298114697139
0,1,569450,1506,0.6655,-0.00175,76.0,2.0,18.9,1.43,0.0,-0.32569435,0.04831317,89.27298114697139
0,1,569450,1506,0.66375,-0.0017499999999999,78.0,2.0,17.75,1.275,0.0,-0.28898516,0.03670919,89.27298114697139
0,1,569450,1506,0.662,-0.00175,80.0,2.0,16.6,1.12,0.0,-0.26176655,0.02721861,89.27298114697139
0,1,569450,1506,0.651,-0.011,82.0,2.0,15.075,1.4075,0.0,-0.23905882,0.02270773,89.27298114697139
0,1,569450,1506,0.64,-0.011,84.0,2.0,13.55,1.695,0.0,-0.21689612,0.022162706,89.27298114697139
0,1,569450,1506,0.629,-0.011,86.0,2.0,12.025,1.9825,0.0,-0.19434598,0.022550136,89.27298114697139
0,1,569450,1506,0.618,-0.011,88.0,2.0,10.5,2.27,0.0,-0.17372006,0.02062592,89.27298114697139
0,1,569450,1506,0.5985,-0.0195,90.0,2.0,12.975,2.375,0.0,-0.15693113,0.01678893,89.27298114697139
0,1,569450,1506,0.579,-0.0195000000000001,92.0,2.0,15.45,2.48,0.0,-0.1425505,0.014380634,89.27298114697139
0,1,569450,1506,0.5595,-0.0195,94.0,2.0,17.925,2.585,0.0,-0.13084817,0.011702329,89.27298114697139
0,1,569450,1506,0.54,-0.0195,96.0,2.0,20.4,2.69,0.0,-0.1212675,0.009580672,89.27298114697139
0,1,569450,1506,0.52175,-0.01825,98.0,2.0,19.55,2.1825,0.0,-0.1169174,0.004350096,89.27298114697139
0,1,569450,1506,0.5035,-0.01825,100.0,2.0,18.7,1.675,0.0,-0.12141627,-0.004498869,89.27298114697139
0,1,569450,1506,0.48525,-0.01825,102.0,2.0,17.85,1.1675,0.0,-0.13259512,-0.011178851,89.27298114697139
0,1,569450,1506,0.467,-0.01825,104.0,2.0,17.0,0.66,0.0,-0.14693952,-0.014344394,89.27298114697139
0,1,569450,1506,0.46325,-0.0037499999999999,106.0,2.0,15.25,0.6725,0.0,-0.16007519,-0.013135672,89.27298114697139
0,1,569450,1506,0.4595,-0.00375,108.0,2.0,13.5,0.685,0.0,-0.1695222,-0.009447008,89.27298114697139
0,1,569450,1506,0.45575,-0.00375,110.0,2.0,11.75,0.6975,0.0,-0.17559323,-0.006071031,89.27298114697139
0,1,569450,1506,0.452,-0.0037499999999999,112.0,2.0,10.0,0.71,0.0,-0.18180612,-0.00621289,89.27298114697139
0,1,569450,1506,0.43625,-0.01575,114.0,2.0,11.85,1.18,0.0,-0.1884653,-0.00665918,89.27298114697139
0,1,569450,1506,0.4205,-0.01575,116.0,2.0,13.7,1.65,0.0,-0.1945839,-0.0061185956,89.27298114697139
0,1,569450,1506,0.40475,-0.01575,118.0,2.0,15.55,2.12,0.0,-0.20047647,-0.005892575,89.27298114697139
0,1,569450,1506,0.389,-0.01575,120.0,2.0,17.4,2.59,0.0,-0.20499179,-0.00451532,89.27298114697139
0,1,569450,1506,0.37125,-0.01775,122.0,2.0,16.275,2.395,0.0,-0.20948613,-0.004494339,89.27298114697139
0,1,569450,1506,0.3535,-0.01775,124.0,2.0,15.15,2.2,0.0,-0.21688497,-0.0073988438,89.27298114697139
0,1,569450,1506,0.33575,-0.01775,126.0,2.0,14.025,2.005,0.0,-0.22691214,-0.01002717,89.27298114697139
0,1,569450,1506,0.318,-0.01775,128.0,2.0,12.9,1.81,0.0,-0.2388171,-0.011904955,89.27298114697139
0,1,569450,1506,0.3075,-0.0105,130.0,2.0,12.225,1.8825,0.0,-0.2504755,-0.0116584,89.27298114697139
0,1,569450,1506,0.297,-0.0105,132.0,2.0,11.55,1.955,0.0,-0.26084664,-0.010371149,89.27298114697139
0,1,569450,1506,0.2865,-0.0105,134.0,2.0,10.875,2.0275,0.0,-0.27073252,-0.009885877,89.27298114697139
0,1,569450,1506,0.276,-0.0105,136.0,2.0,10.2,2.1,0.0,-0.28202122,-0.0112887025,89.27298114697139
0,1,569450,1506,0.25875,-0.01725,138.0,2.0,11.775,2.1225,0.0,-0.29572597,-0.013704747,89.27298114697139
0,1,569450,1506,0.2415,-0.01725,140.0,2.0,13.35,2.145,0.0,-0.31166628,-0.015940309,89.27298114697139
0,1,569450,1506,0.22425,-0.01725,142.0,2.0,14.925,2.1675,0.0,-0.32930005,-0.017633766,89.27298114697139
0,1,569450,1506,0.207,-0.01725,144.0,2.0,16.5,2.19,0.0,-0.34662396,-0.017323911,89.27298114697139
0,1,569450,1506,0.1955,-0.0115,146.0,2.0,15.75,2.0875,0.0,-0.36349538,-0.016871423,89.27298114697139
0,1,569450,1506,0.184,-0.0115,148.0,2.0,15.0,1.985,0.0,-0.37953836,-0.016042978,89.27298114697139
0,1,569450,1506,0.1725,-0.0115,150.0,2.0,14.25,1.8825,0.0,-0.3951328,-0.015594453,89.27298114697139
0,1,569450,1506,0.161,-0.0115,152.0,2.0,13.5,1.78,0.0,-0.4087333,-0.013600498,89.27298114697139
0,1,569450,1506,0.15975,-0.00125,154.0,2.0,11.75,1.87,0.0,-0.41839945,-0.009666145,89.27298114697139
0,1,569450,1506,0.1585,-0.00125,156.0,2.0,10.0,1.96,0.0,-0.4244114,-0.006011933,89.27298114697139
0,1,569450,1506,0.15725,-0.00125,158.0,2.0,8.25,2.05,0.0,-0.4336092,-0.009197801,89.27298114697139
0,1,569450,1506,0.156,-0.00125,160.0,2.0,6.5,2.14,0.0,-0.44680256,-0.013193369,89.27298114697139
0,1,569450,1506,0.1545,-0.0015,162.0,2.0,7.95,2.4725,0.0,-0.46471938,-0.017916828,89.27298114697139
0,1,569450,1506,0.153,-0.0015,164.0,2.0,9.4,2.805,0.0,-0.4850359,-0.020316511,89.27298114697139
0,1,569450,1506,0.1515,-0.0015,166.0,2.0,10.85,3.1375,0.0,-0.49082038,-0.0057844818,89.27298114697139
0,1,569450,1506,0.15,-0.0015,168.0,2.0,12.3,3.47,0.0,-0.47545087,0.015369505,89.27298114697139
0,1,569450,1506,0.14825,-0.00175,170.0,2.0,11.325,2.8975,0.0,-0.45349842,0.02195245,89.27298114697139
0,1,569450,1506,0.1465,-0.00175,172.0,2.0,10.35,2.325,0.0,-0.44447625,0.009022176,89.27298114697139
0,1,569450,1506,0.14475,-0.00175,174.0,2.0,9.375,1.7525,0.0,-0.4287262,0.01575005,89.27298114697139
0,1,569450,1506,0.143,-0.00175,176.0,2.0,8.4,1.18,0.0,-0.42738765,0.0013385415,89.27298114697139
0,1,569450,1527,0.4605,0.4605,2.0,2.0,18.1,1.246,0.0,0.010262251,0.010262251,89.27298114697139
0,1,569450,1527,0.88449,0.42399,4.0,2.0,19.75,1.5867,0.0,0.07568216,0.06541991,89.27298114697139
0,1,569450,1527,1.12249,0.238,6.0,2.0,20.5,2.5456,0.0,0.3193478,0.24366562,89.27298114697139
0,1,569450,1527,1.17749,0.0550000000000002,8.0,2.0,18.4,2.4872,0.0,0.6388774,0.3195296,89.27298114697139
0,1,569450,1527,1.29699,0.1195,10.0,2.0,14.25,0.38192,0.0,0.9008712,0.26199383,89.27298114697139
0,1,569450,1527,1.37699,0.0800000000000001,12.0,2.0,11.6,0.29952,0.0,1.0885221,0.18765083,89.27298114697139
0,1,569450,1527,1.45599,0.079,14.0,2.0,9.775,0.26862,0.0,1.2761549,0.18763283,89.27298114697139
0,1,569450,1527,1.53499,0.079,16.0,2.0,7.95,0.23772,0.0,1.4768896,0.20073467,89.27298114697139
0,1,569450,1527,1.64649,0.1115,18.0,2.0,6.7,0.28875,0.0,1.6747952,0.19790563,89.27298114697139
0,1,569450,1527,1.75799,0.1115,20.0,2.0,5.45,0.33978,0.0,1.8555319,0.18073672,89.27298114697139
0,1,569450,1527,1.82474,0.0667499999999999,22.0,2.0,9.45,0.53499,0.0,2.0247917,0.16925976,89.27298114697139
0,1,569450,1527,1.89149,0.0667499999999999,24.0,2.0,13.45,0.7302,0.0,2.1913016,0.16650984,89.27298114697139
0,1,569450,1527,1.98649,0.095,26.0,2.0,15.2875,0.7585025,0.0,2.355997,0.16469565,89.27298114697139
0,1,569450,1527,2.08149,0.0950000000000002,28.0,2.0,17.125,0.786805,0.0,2.5101407,0.15414345,89.27298114697139
0,1,569450,1527,2.17649,0.0949999999999998,30.0,2.0,18.9625,0.8151075,0.0,2.6489294,0.13878882,89.27298114697139
0,1,569450,1527,2.27149,0.0950000000000002,32.0,2.0,20.8,0.84341,0.0,2.7755976,0.1266681,89.27298114697139
0,1,569450,1527,2.32509,0.0535999999999999,34.0,2.0,17.925,0.84993,0.0,2.8974297,0.12183228,89.27298114697139
0,1,569450,1527,2.37869,0.0535999999999999,36.0,2.0,15.05,0.85645,0.0,3.0137913,0.11636147,89.27298114697139
0,1,569450,1527,2.43229,0.0536000000000003,38.0,2.0,12.175,0.86297,0.0,3.124632,0.11084062,89.27298114697139
0,1,569450,1527,2.48589,0.0535999999999999,40.0,2.0,9.3,0.86949,0.0,3.2282577,0.10362589,89.27298114697139
0,1,569450,1527,2.62564,0.13975,42.0,2.0,10.6125,0.7257,0.0,3.3232894,0.09503156,89.27298114697139
0,1,569450,1527,2.76539,0.13975,44.0,2.0,11.925,0.58191,0.0,3.4159815,0.09269217,89.27298114697139
0,1,569450,1527,2.90514,0.13975,46.0,2.0,13.2375,0.43812,0.0,3.5112581,0.095276505,89.27298114697139
0,1,569450,1527,3.04489,0.13975,48.0,2.0,14.55,0.29433,0.0,3.612317,0.10105902,89.27298114697139
0,1,569450,1527,3.06209,0.0171999999999999,50.0,2.0,16.4375,0.6041225,0.0,3.718957,0.10663992,89.27298114697139
0,1,569450,1527,3.07929,0.0171999999999999,52.0,2.0,18.325,0.913915,0.0,3.8277764,0.108819425,89.27298114697139
0,1,569450,1527,3.09649,0.0172000000000003,54.0,2.0,20.2125,1.2237075,0.0,3.935538,0.10776171,89.27298114697139
0,1,569450,1527,3.11369,0.0171999999999999,56.0,2.0,22.1,1.5335,0.0,4.0403256,0.10478756,89.27298114697139
0,1,569450,1527,3.160465,0.0467749999999998,58.0,2.0,19.5875,1.2397925,0.0,4.1367617,0.096435785,89.27298114697139
0,1,569450,1527,3.20724,0.0467750000000002,60.0,2.0,17.075,0.946085,0.0,4.2170587,0.08029732,89.27298114697139
0,1,569450,1527,3.254015,0.0467750000000002,62.0,2.0,14.5625,0.6523775,0.0,4.2795925,0.062533885,89.27298114697139
0,1,569450,1527,3.30079,0.0467749999999998,64.0,2.0,12.05,0.35867,0.0,4.3280406,0.048448116,89.27298114697139
0,1,569450,1527,3.346515,0.045725,66.0,2.0,13.125,0.5171075,0.0,4.370083,0.042041957,89.27298114697139
0,1,569450,1527,3.39224,0.045725,68.0,2.0,14.2,0.675545,0.0,4.415089,0.045006484,89.27298114697139
0,1,569450,1527,3.437965,0.045725,70.0,2.0,15.275,0.8339825,0.0,4.466074,0.0509848,89.27298114697139
0,1,569450,1527,3.48369,0.045725,72.0,2.0,16.35,0.99242,0.0,4.5216866,0.055612475,89.27298114697139
0,1,569450,1527,3.51774,0.0340500000000001,74.0,2.0,17.55,1.116015,0.0,4.579547,0.057860404,89.27298114697139
0,1,569450,1527,3.55179,0.0340499999999997,76.0,2.0,18.75,1.23961,0.0,4.6367655,0.057218432,89.27298114697139
0,1,569450,1527,3.58584,0.0340500000000001,78.0,2.0,19.95,1.363205,0.0,4.6914625,0.054697245,89.27298114697139
0,1,569450,1527,3.61989,0.0340500000000001,80.0,2.0,21.15,1.4868,0.0,4.743367,0.051904798,89.27298114697139
0,1,569450,1527,3.61629,-0.0036,82.0,2.0,19.6,2.26345,0.0,4.7902446,0.046877056,89.27298114697139
0,1,569450,1527,3.61269,-0.0036,84.0,2.0,18.05,3.0401,0.0,4.828249,0.038004816,89.27298114697139
0,1,569450,1527,3.60909,-0.0036,86.0,2.0,16.5,3.81675,0.0,4.859111,0.030861527,89.27298114697139
0,1,569450,1527,3.60549,-0.0036,88.0,2.0,14.95,4.5934,0.0,4.8863764,0.027265817,89.27298114697139
0,1,569450,1527,3.58574,-0.0197500000000002,90.0,2.0,14.7125,4.569075,0.0,4.913461,0.02708453,89.27298114697139
0,1,569450,1527,3.56599,-0.0197499999999997,92.0,2.0,14.475,4.54475,0.0,4.9432297,0.029768467,89.27298114697139
0,1,569450,1527,3.54624,-0.0197499999999997,94.0,2.0,14.2375,4.520425,0.0,4.976059,0.032829612,89.27298114697139
0,1,569450,1527,3.52649,-0.0197500000000002,96.0,2.0,14.0,4.4961,0.0,5.010659,0.03459999,89.27298114697139
0,1,569450,1527,3.50254,-0.0239500000000001,98.0,2.0,14.375,4.1157,0.0,5.0462112,0.035551846,89.27298114697139
0,1,569450,1527,3.47859,-0.0239500000000001,100.0,2.0,14.75,3.7353,0.0,5.08191,0.03569907,89.27298114697139
0,1,569450,1527,3.45464,-0.0239499999999997,102.0,2.0,15.125,3.3549,0.0,5.1171355,0.03522557,89.27298114697139
0,1,569450,1527,3.43069,-0.0239500000000001,104.0,2.0,15.5,2.9745,0.0,5.151833,0.034697473,89.27298114697139
0,1,569450,1527,3.441615,0.0109249999999999,106.0,2.0,14.4125,3.1368,0.0,5.1854897,0.03365636,89.27298114697139
0,1,569450,1527,3.45254,0.0109250000000003,108.0,2.0,13.325,3.2991,0.0,5.217446,0.031956494,89.27298114697139
0,1,569450,1527,3.463465,0.0109249999999999,110.0,2.0,12.2375,3.4614,0.0,5.2484155,0.03096959,89.27298114697139
0,1,569450,1527,3.47439,0.0109249999999999,112.0,2.0,11.15,3.6237,0.0,5.279421,0.031005502,89.27298114697139
0,1,569450,1527,3.504315,0.029925,114.0,2.0,11.2,3.607975,0.0,5.3119187,0.032497585,89.27298114697139
0,1,569450,1527,3.53424,0.029925,116.0,2.0,11.25,3.59225,0.0,5.3464346,0.034516126,89.27298114697139
0,1,569450,1527,3.564165,0.0299250000000004,118.0,2.0,11.3,3.576525,0.0,5.3811455,0.034710914,89.27298114697139
0,1,569450,1527,3.59409,0.029925,120.0,2.0,11.35,3.5608,0.0,5.41432,0.033174217,89.27298114697139
0,1,569450,1527,3.63254,0.0384500000000001,122.0,2.0,12.0125,3.037525,0.0,5.4447336,0.030413568,89.27298114697139
0,1,569450,1527,3.67099,0.0384499999999997,124.0,2.0,12.675,2.51425,0.0,5.4723887,0.027655154,89.27298114697139
0,1,569450,1527,3.70944,0.0384500000000001,126.0,2.0,13.3375,1.990975,0.0,5.4987254,0.02633673,89.27298114697139
0,1,569450,1527,3.74789,0.0384500000000001,128.0,2.0,14.0,1.4677,0.0,5.5262012,0.027475715,89.27298114697139
0,1,569450,1527,3.76704,0.0191499999999998,130.0,2.0,10.8875,1.12541225,0.0,5.5557804,0.02957958,89.27298114697139
0,1,569450,1527,3.78619,0.0191500000000002,132.0,2.0,7.775,0.7831245,0.0,5.588514,0.03273338,89.27298114697139
0,1,569450,1527,3.80534,0.0191500000000002,134.0,2.0,4.6625,0.44083675,0.0,5.6240706,0.035556823,89.27298114697139
0,1,569450,1527,3.82449,0.0191499999999998,136.0,2.0,1.55,0.098549,0.0,5.6607656,0.036694616,89.27298114697139
0,1,569450,1527,3.85239,0.0278999999999998,138.0,2.0,3.4625,0.16032175,0.0,5.7013235,0.0405578,89.27298114697139
0,1,569450,1527,3.88029,0.0279000000000003,140.0,2.0,5.375,0.2220945,0.0,5.7439084,0.042585015,89.27298114697139
0,1,569450,1527,3.90819,0.0279000000000003,142.0,2.0,7.2875,0.28386725,0.0,5.783779,0.03987086,89.27298114697139
0,1,569450,1527,3.93609,0.0278999999999998,144.0,2.0,9.2,0.34564,0.0,5.817423,0.03364387,89.27298114697139
0,1,569450,1527,3.97399,0.0379,146.0,2.0,10.3875,1.051105,0.0,5.8459897,0.028566658,89.27298114697139
0,1,569450,1527,4.01189,0.0379,148.0,2.0,11.575,1.75657,0.0,5.8717885,0.025798917,89.27298114697139
0,1,569450,1527,4.04979,0.0378999999999996,150.0,2.0,12.7625,2.462035,0.0,5.8948517,0.023063213,89.27298114697139
0,1,569450,1527,4.08769,0.0379000000000005,152.0,2.0,13.95,3.1675,0.0,5.9160366,0.021184653,89.27298114697139
0,1,569450,1527,4.10229,0.0145999999999997,154.0,2.0,11.9875,2.697575,0.0,5.933012,0.016975641,89.27298114697139
0,1,569450,1527,4.11689,0.0145999999999997,156.0,2.0,10.025,2.22765,0.0,5.947878,0.014865816,89.27298114697139
0,1,569450,1527,4.13149,0.0146000000000006,158.0,2.0,8.0625,1.757725,0.0,5.97078,0.022901833,89.27298114697139
0,1,569450,1527,4.14609,0.0145999999999997,160.0,2.0,6.1,1.2878,0.0,6.01248,0.041700214,89.27298114697139
0,1,569450,1527,4.16589,0.0198,162.0,2.0,6.9,1.262625,0.0,6.0795755,0.06709564,89.27298114697139
0,1,569450,1527,4.18569,0.0198,164.0,2.0,7.7,1.23745,0.0,6.1598206,0.08024517,89.27298114697139
0,1,569450,1527,4.20549,0.0198,166.0,2.0,8.5,1.212275,0.0,6.228012,0.06819108,89.27298114697139
0,1,569450,1527,4.22529,0.0198,168.0,2.0,9.3,1.1871,0.0,6.306768,0.078756034,89.27298114697139
0,1,569450,1527,4.25499,0.0297000000000001,170.0,2.0,13.7,0.84462,0.0,6.355846,0.04907787,89.27298114697139
0,1,569450,1534,3.43069901425051,3.43069901425051,2.0,2.0,12.6151800064288,1.61206010393228,0.0,4.6949706,4.6949706,89.27298114697139
0,1,569450,1534,4.60065469,1.16995567574949,4.0,2.0,12.647342,2.45014315,0.0,6.258871,1.5639002,89.27298114697139
0,1,569450,1534,5.41538802333333,0.814733333333334,6.0,2.0,13.167342,2.70580981666667,0.0,7.0925617,0.83369064,89.27298114697139
0,1,569450,1534,6.007716164533,0.592328141199666,8.0,2.0,13.0588211890782,2.56073156864632,0.0,7.483342,0.39078078,89.27298114697139
0,1,569450,1534,6.43710464836016,0.429388483827162,10.0,2.0,12.7795713178962,2.30683970043901,0.0,7.7629266,0.27958435,89.27298114697139
0,1,569450,1534,6.51712530773866,0.0800206593784969,12.0,2.0,12.5109993974348,2.05990503572351,0.0,7.8873625,0.12443569,89.27298114697139
0,1,569450,1534,6.59714596711716,0.0800206593784969,14.0,2.0,12.2424274769734,1.81297037100801,0.0,7.951246,0.06388366,89.27298114697139
0,1,569450,1534,6.67716662649565,0.0800206593784969,16.0,2.0,11.973855556512,1.5660357062925,0.0,8.025248,0.0740017,89.27298114697139
0,1,569450,1534,6.75718728587415,0.0800206593784969,18.0,2.0,11.7052836360506,1.319101041577,0.0,8.105176,0.07992801,89.27298114697139
0,1,569450,1534,6.83720794525265,0.0800206593784978,20.0,2.0,11.4367117155892,1.0721663768615,0.0,8.184784,0.07960859,89.27298114697139
0,1,569450,1534,6.9055560505185,0.0683481052658532,22.0,2.0,11.3102505749909,0.956953165476335,0.0,8.260125,0.07534063,89.27298114697139
0,1,569450,1534,6.95755136989065,0.0519953193721499,24.0,2.0,11.382881007142,1.02627649195013,0.0,8.331726,0.07160118,89.27298114697139
0,1,569450,1534,7.0095466892628,0.0519953193721507,26.0,2.0,11.4555114392931,1.09559981842392,0.0,8.399145,0.06741887,89.27298114697139
0,1,569450,1534,7.06154200863495,0.0519953193721499,28.0,2.0,11.5281418714441,1.16492314489771,0.0,8.462311,0.06316605,89.27298114697139
0,1,569450,1534,7.1135373280071,0.0519953193721507,30.0,2.0,11.6007723035952,1.2342464713715,0.0,8.521491,0.05918011,89.27298114697139
0,1,569450,1534,7.16553264737925,0.0519953193721499,32.0,2.0,11.6734027357463,1.3035697978453,0.0,8.57705,0.055559307,89.27298114697139
0,1,569450,1534,7.2175279667514,0.0519953193721507,34.0,2.0,11.7460331678973,1.37289312431909,0.0,8.629122,0.052070975,89.27298114697139
0,1,569450,1534,7.26952328612355,0.0519953193721499,36.0,2.0,11.8186636000484,1.44221645079288,0.0,8.677994,0.04887286,89.27298114697139
0,1,569450,1534,7.3215186054957,0.0519953193721507,38.0,2.0,11.8912940321995,1.51153977726667,0.0,8.723949,0.04595557,89.27298114697139
0,1,569450,1534,7.37351392486785,0.0519953193721499,40.0,2.0,11.9639244643506,1.58086310374047,0.0,8.767687,0.04373744,89.27298114697139
0,1,569450,1534,7.42550924424,0.0519953193721507,42.0,2.0,12.0365548965016,1.65018643021426,0.0,8.809523,0.04183513,89.27298114697139
0,1,569450,1534,7.47750456361215,0.0519953193721499,44.0,2.0,12.1091853286527,1.71950975668805,0.0,8.849144,0.03962171,89.27298114697139
0,1,569450,1534,7.52850020964361,0.0509956460314527,46.0,2.0,12.1798322851153,1.78603878406709,0.0,8.886306,0.037161678,89.27298114697139
0,1,569450,1534,7.54050859538784,0.0120083857442346,48.0,2.0,12.1731236897275,1.74359014675052,0.0,8.920561,0.034255445,89.27298114697139
0,1,569450,1534,7.55251698113208,0.0120083857442355,50.0,2.0,12.1664150943396,1.70114150943396,0.0,8.952605,0.032043695,89.27298114697139
0,1,569450,1534,7.56452536687631,0.0120083857442346,52.0,2.0,12.1597064989518,1.6586928721174,0.0,8.983942,0.031336814,89.27298114697139
0,1,569450,1534,7.57653375262054,0.0120083857442346,54.0,2.0,12.1529979035639,1.61624423480084,0.0,9.0147295,0.030787766,89.27298114697139
0,1,569450,1534,7.58854213836478,0.0120083857442346,56.0,2.0,12.1462893081761,1.57379559748428,0.0,9.044024,0.029294848,89.27298114697139
0,1,569450,1534,7.60055052410901,0.0120083857442355,58.0,2.0,12.1395807127883,1.53134696016771,0.0,9.069241,0.025216043,89.27298114697139
0,1,569450,1534,7.61255890985325,0.0120083857442346,60.0,2.0,12.1328721174004,1.48889832285115,0.0,9.089962,0.020722061,89.27298114697139
0,1,569450,1534,7.62456729559748,0.0120083857442346,62.0,2.0,12.1261635220126,1.44644968553459,0.0,9.104189,0.014226913,89.27298114697139
0,1,569450,1534,7.63657568134172,0.0120083857442355,64.0,2.0,12.1194549266247,1.40400104821803,0.0,9.10939,0.0052007735,89.27298114697139
0,1,569450,1534,7.64858406708595,0.0120083857442346,66.0,2.0,12.1127463312369,1.36155241090147,0.0,9.106756,-0.0026340783,89.27298114697139
0,1,569450,1534,7.66059245283019,0.0120083857442346,68.0,2.0,12.1060377358491,1.31910377358491,0.0,9.100878,-0.0058781803,89.27298114697139
0,1,569450,1534,7.67259918275445,0.0120067299242628,70.0,2.0,12.1061710378185,1.28019616811908,0.0,9.087973,-0.012905568,89.27298114697139
0,1,569450,1534,7.68459101029896,0.0119918275445103,72.0,2.0,12.167881416003,1.27315784930993,0.0,9.06735,-0.020621538,89.27298114697139
0,1,569450,1534,7.69658283784347,0.0119918275445112,74.0,2.0,12.2295917941875,1.26611953050077,0.0,9.040622,-0.026729017,89.27298114697139
0,1,569450,1534,7.70857466538798,0.0119918275445103,76.0,2.0,12.2913021723721,1.25908121169161,0.0,9.01245,-0.02817151,89.27298114697139
0,1,569450,1534,7.72056649293249,0.0119918275445103,78.0,2.0,12.3530125505566,1.25204289288246,0.0,8.9826,-0.029849827,89.27298114697139
0,1,569450,1534,7.732558320477,0.0119918275445112,80.0,2.0,12.4147229287412,1.2450045740733,0.0,8.976002,-0.006598741,89.27298114697139
0,1,569450,1534,7.74455014802152,0.0119918275445103,82.0,2.0,12.4764333069257,1.23796625526415,0.0,8.990521,0.014519602,89.27298114697139
0,1,569450,1534,7.75654197556603,0.0119918275445103,84.0,2.0,12.5381436851103,1.23092793645499,0.0,8.997513,0.006991565,89.27298114697139
0,1,569450,1534,7.76853380311054,0.0119918275445112,86.0,2.0,12.5998540632948,1.22388961764583,0.0,9.016741,0.01922831,89.27298114697139
0,1,569450,1534,7.78052563065505,0.0119918275445103,88.0,2.0,12.6615644414794,1.21685129883668,0.0,9.010086,-0.006655425,89.27298114697139
0,1,569450,1534,7.79251745819956,0.0119918275445112,90.0,2.0,12.7232748196639,1.20981298002752,0.0,9.011958,0.0018723607,89.27298114697139
0,1,569450,1534,7.80450928574407,0.0119918275445103,92.0,2.0,12.7849851978485,1.20277466121836,0.0,9.028197,0.016238838,89.27298114697139
0,1,569450,1534,7.8152,0.0106907142559312,94.0,2.0,12.84,1.1965,0.0,9.008412,-0.019785017,89.27298114697139
0,1,569450,1687,2.45073636363636,2.45073636363636,2.0,2.0,12.4727272727273,1.81364545454545,0.0,3.0791044,3.0791044,89.27298114697139
0,1,569450,1687,3.67085679442509,1.22012043078872,4.0,2.0,12.8299651567944,2.86424355400697,0.0208815191637631,5.333995,2.2548904,89.27298114697139
0,1,569450,1687,4.25726794425087,0.586411149825784,6.0,2.0,12.8996515679443,3.57713554006969,0.0694431916376307,7.0798607,1.7458658,89.27298114697139
0,1,569450,1687,4.50317490261547,0.2459069583646,8.0,2.0,12.7006677796327,3.74120673344463,0.0644339282136895,7.5610995,0.48123884,89.27298114697139
0,1,569450,1687,4.74737078464107,0.244195882025598,10.0,2.0,12.5003338898164,3.90252003338898,0.0591554641068447,8.025899,0.46479958,89.27298114697139
0,1,569450,1687,4.99156666666667,0.244195882025598,12.0,2.0,12.3,4.06383333333333,0.053877,8.41182,0.38592127,89.27298114697139
0,1,569450,1687,5.23576254869227,0.244195882025599,14.0,2.0,12.0996661101836,4.22514663327769,0.0485985358931553,8.768243,0.35642236,89.27298114697139
0,1,569450,1687,5.47995843071786,0.244195882025598,16.0,2.0,11.8993322203673,4.38645993322204,0.0433200717863105,9.107094,0.3388515,89.27298114697139
0,1,569450,1687,5.72415431274346,0.244195882025599,18.0,2.0,11.6989983305509,4.54777323316639,0.0380416076794658,9.449596,0.342502,89.27298114697139
0,1,569450,1687,5.96835019476906,0.244195882025598,20.0,2.0,11.4986644407346,4.70908653311074,0.032763143572621,9.803081,0.35348436,89.27298114697139
0,1,569450,1687,6.21254607679466,0.244195882025598,22.0,2.0,11.2983305509182,4.87039983305509,0.0274846794657763,10.1667185,0.36363822,89.27298114697139
0,1,569450,1687,6.4570199833818,0.244473906587146,24.0,2.0,11.0997507270461,5.02854154549231,0.0222405047777316,10.535212,0.36849242,89.27298114697139
0,1,569450,1687,6.72901832156211,0.271998338180307,26.0,2.0,11.0748234316577,4.87269609472372,0.0203909825508932,10.897968,0.36275727,89.27298114697139
0,1,569450,1687,7.00101665974242,0.271998338180308,28.0,2.0,11.0498961362692,4.71685064395513,0.0185414603240548,11.244146,0.34617746,89.27298114697139
0,1,569450,1687,7.27301499792273,0.271998338180308,30.0,2.0,11.0249688408808,4.56100519318654,0.0166919380972165,11.564503,0.3203566,89.27298114697139
0,1,569450,1687,7.54501333610303,0.271998338180307,32.0,2.0,11.0000415454923,4.40515974241795,0.0148424158703781,11.854413,0.28991014,89.27298114697139
0,1,569450,1687,7.81701167428334,0.271998338180308,34.0,2.0,10.9751142501039,4.24931429164936,0.0129928936435397,12.112732,0.25831944,89.27298114697139
0,1,569450,1687,8.08901001246365,0.271998338180308,36.0,2.0,10.9501869547154,4.09346884088076,0.0111433714167013,12.340707,0.2279745,89.27298114697139
0,1,569450,1687,8.36100835064395,0.271998338180307,38.0,2.0,10.925259659327,3.93762339011217,0.0092938491898629,12.543514,0.20280719,89.27298114697139
0,1,569450,1687,8.63300668882426,0.271998338180309,40.0,2.0,10.9003323639385,3.78177793934358,0.0074443269630245,12.7302265,0.18671307,89.27298114697139
0,1,569450,1687,8.90500502700457,0.271998338180307,42.0,2.0,10.8754050685501,3.62593248857499,0.0055948047361861,12.903187,0.17296031,89.27298114697139
0,1,569450,1687,9.17700336518488,0.271998338180307,44.0,2.0,10.8504777731616,3.4700870378064,0.0037452825093477,13.062675,0.15948781,89.27298114697139
0,1,569450,1687,9.44900170336519,0.271998338180309,46.0,2.0,10.8255504777732,3.31424158703781,0.0018957602825093,13.208969,0.14629379,89.27298114697139
0,1,569450,1687,9.72100004154549,0.271998338180307,48.0,2.0,10.8006231823847,3.15839613626921,4.6238055670958e-05,13.343347,0.13437757,89.27298114697139
0,1,569450,1687,9.83991686143573,0.118916819890234,50.0,2.0,10.8244156928214,3.14409077629382,0.0,13.4665365,0.12318975,89.27298114697139
0,1,569450,1687,9.95490851419032,0.114991652754592,52.0,2.0,10.8494574290484,3.13341464941569,0.0,13.579948,0.11341229,89.27298114697139
0,1,569450,1687,10.0699001669449,0.11499165275459,54.0,2.0,10.8744991652755,3.12273852253756,0.0,13.686953,0.10700461,89.27298114697139
0,1,569450,1687,10.1848918196995,0.114991652754592,56.0,2.0,10.8995409015025,3.11206239565943,0.0,13.789614,0.10266045,89.27298114697139
0,1,569450,1687,10.2998834724541,0.114991652754592,58.0,2.0,10.9245826377296,3.1013862687813,0.0,13.888209,0.098596185,89.27298114697139
0,1,569450,1687,10.4148751252087,0.11499165275459,60.0,2.0,10.9496243739566,3.09071014190317,0.0,13.982619,0.09440991,89.27298114697139
0,1,569450,1687,10.5298667779633,0.114991652754592,62.0,2.0,10.9746661101836,3.08003401502504,0.0,14.072491,0.08987141,89.27298114697139
0,1,569450,1687,10.6448584307179,0.114991652754592,64.0,2.0,10.9997078464107,3.06935788814691,0.0,14.157622,0.08513108,89.27298114697139
0,1,569450,1687,10.7598500834725,0.11499165275459,66.0,2.0,11.0247495826377,3.05868176126878,0.0,14.238701,0.08107835,89.27298114697139
0,1,569450,1687,10.874841736227,0.114991652754592,68.0,2.0,11.0497913188648,3.04800563439065,0.0,14.315928,0.07722831,89.27298114697139
0,1,569450,1687,10.9898333889816,0.114991652754592,70.0,2.0,11.0748330550918,3.03732950751252,0.0,14.389528,0.073599845,89.27298114697139
0,1,569450,1687,11.1048250417362,0.11499165275459,72.0,2.0,11.0998747913189,3.02665338063439,0.0,14.459672,0.07014382,89.27298114697139
0,1,569450,1687,11.2198166944908,0.114991652754592,74.0,2.0,11.1249165275459,3.01597725375626,0.0,14.527597,0.067925155,89.27298114697139
0,1,569450,1687,11.3348083472454,0.114991652754592,76.0,2.0,11.149958263773,3.00530112687813,0.0,14.593843,0.06624594,89.27298114697139
0,1,569450,1687,11.4498,0.11499165275459,78.0,2.0,11.175,2.994625,0.0,14.65818,0.06433669,89.27298114697139
0,1,569450,1687,11.5647916527546,0.114991652754592,80.0,2.0,11.200041736227,2.98394887312187,0.0,14.720657,0.06247747,89.27298114697139
0,1,569450,1687,11.6797833055092,0.114991652754592,82.0,2.0,11.2250834724541,2.97327274624374,0.0,14.781394,0.060736686,89.27298114697139
0,1,569450,1687,11.7947749582638,0.11499165275459,84.0,2.0,11.2501252086811,2.96259661936561,0.0,14.840727,0.05933246,89.27298114697139
0,1,569450,1687,11.9097666110184,0.114991652754592,86.0,2.0,11.2751669449082,2.95192049248748,0.0,14.899401,0.058674127,89.27298114697139
0,1,569450,1687,12.024758263773,0.114991652754592,88.0,2.0,11.3002086811352,2.94124436560935,0.0,14.957757,0.058356464,89.27298114697139
0,1,569450,1687,12.1397499165275,0.11499165275459,90.0,2.0,11.3252504173623,2.93056823873122,0.0,15.0158415,0.05808419,89.27298114697139
0,1,569450,1687,12.2547415692821,0.114991652754592,92.0,2.0,11.3502921535893,2.91989211185309,0.0,15.073687,0.057844818,89.27298114697139
0,1,569450,1687,12.3697332220367,0.114991652754592,94.0,2.0,11.3753338898164,2.90921598497496,0.0,15.131224,0.05753705,89.27298114697139
0,1,569450,1687,12.4842721967486,0.114538974711918,96.0,2.0,11.4003751563151,2.89866444351813,5.79199666527742e-07,15.18861,0.057387084,89.27298114697139
0,1,569450,1687,12.569085313325,0.0848131165763508,98.0,2.0,11.4253855773239,2.89629401139364,3.91925107683757e-05,15.245832,0.057222307,89.27298114697139
0,1,569450,1687,12.6538984299013,0.0848131165763508,100.0,2.0,11.4503959983326,2.89392357926914,7.78058218702237e-05,15.302808,0.056975305,89.27298114697139
0,1,569450,1687,12.7387115464777,0.0848131165763508,102.0,2.0,11.4754064193414,2.89155314714464,0.000116419132972,15.359524,0.05671543,89.27298114697139
0,1,569450,1687,12.8235246630541,0.0848131165763526,104.0,2.0,11.5004168403501,2.88918271502015,0.0001550324440739,15.416103,0.056580186,89.27298114697139
0,1,569450,1687,12.9083377796304,0.0848131165763508,106.0,2.0,11.5254272613589,2.88681228289565,0.0001936457551757,15.472701,0.05659756,89.27298114697139
0,1,569450,1687,12.9931508962068,0.0848131165763508,108.0,2.0,11.5504376823677,2.88444185077115,0.0002322590662776,15.529375,0.05667329,89.27298114697139
0,1,569450,1687,13.0779640127831,0.0848131165763508,110.0,2.0,11.5754481033764,2.88207141864666,0.0002708723773794,15.586055,0.0566805,89.27298114697139
0,1,569450,1687,13.1627771293595,0.0848131165763526,112.0,2.0,11.6004585243852,2.87970098652216,0.0003094856884813,15.642367,0.056311995,89.27298114697139
0,1,569450,1687,13.2475902459358,0.0848131165763508,114.0,2.0,11.6254689453939,2.87733055439767,0.0003480989995831,15.69837,0.056003302,89.27298114697139
0,1,569450,1687,13.3324033625122,0.0848131165763508,116.0,2.0,11.6504793664027,2.87496012227317,0.000386712310685,15.754267,0.055895865,89.27298114697139
0,1,569450,1687,13.4172164790885,0.0848131165763508,118.0,2.0,11.6754897874114,2.87258969014867,0.0004253256217868,15.810508,0.056241572,89.27298114697139
0,1,569450,1687,13.5020295956649,0.0848131165763526,120.0,2.0,11.7005002084202,2.87021925802418,0.0004639389328887,15.867386,0.05687794,89.27298114697139
0,1,569450,1687,13.5868427122412,0.0848131165763508,122.0,2.0,11.7255106294289,2.86784882589968,0.0005025522439905,15.924739,0.05735278,89.27298114697139
0,1,569450,1687,13.6716558288176,0.0848131165763508,124.0,2.0,11.7505210504377,2.86547839377518,0.0005411655550924,15.982013,0.057273895,89.27298114697139
0,1,569450,1687,13.7564689453939,0.0848131165763508,126.0,2.0,11.7755314714464,2.86310796165069,0.0005797788661942,16.03849,0.056477487,89.27298114697139
0,1,569450,1687,13.8412820619703,0.0848131165763508,128.0,2.0,11.8005418924552,2.86073752952619,0.000618392177296,16.09418,0.055689216,89.27298114697139
0,1,569450,1687,13.9260951785466,0.0848131165763526,130.0,2.0,11.8255523134639,2.8583670974017,0.0006570054883979,16.149864,0.05568406,89.27298114697139
0,1,569450,1687,14.010908295123,0.0848131165763508,132.0,2.0,11.8505627344727,2.8559966652772,0.0006956187994997,16.207151,0.057287276,89.27298114697139
0,1,569450,1687,14.0957214116993,0.0848131165763508,134.0,2.0,11.8755731554815,2.8536262331527,0.0007342321106016,16.266582,0.059431404,89.27298114697139
0,1,569450,1687,14.1805345282757,0.0848131165763526,136.0,2.0,11.9005835764902,2.85125580102821,0.0007728454217034,16.327513,0.0609304,89.27298114697139
0,1,569450,1687,14.265347644852,0.0848131165763508,138.0,2.0,11.925593997499,2.84888536890371,0.0008114587328053,16.387444,0.059932053,89.27298114697139
0,1,569450,1687,14.3501607614284,0.0848131165763508,140.0,2.0,11.9506044185077,2.84651493677921,0.0008500720439071,16.440634,0.053189754,89.27298114697139
0,1,569450,1687,14.4349738780047,0.0848131165763508,142.0,2.0,11.9756148395165,2.84414450465472,0.000888685355009,16.486712,0.04607752,89.27298114697139
0,1,569450,1687,14.5197869945811,0.0848131165763508,144.0,2.0,12.0006252605252,2.84177407253022,0.0009272986661108,16.52484,0.038127005,89.27298114697139
0,1,569450,1687,14.6046001111574,0.0848131165763526,146.0,2.0,12.025635681534,2.83940364040572,0.0009659119772127,16.565231,0.040392995,89.27298114697139
0,1,569450,1687,14.6894132277338,0.0848131165763508,148.0,2.0,12.0506461025427,2.83703320828123,0.0010045252883145,16.616472,0.05124092,89.27298114697139
0,1,569450,1687,14.7742263443101,0.0848131165763508,150.0,2.0,12.0756565235515,2.83466277615673,0.0010431385994164,16.671124,0.054650992,89.27298114697139
0,1,569450,1687,14.8590394608865,0.0848131165763508,152.0,2.0,12.1006669445602,2.83229234403224,0.0010817519105182,16.721798,0.050675243,89.27298114697139
0,1,569450,1687,14.9438525774628,0.0848131165763526,154.0,2.0,12.125677365569,2.82992191190774,0.0011203652216201,16.789923,0.06812364,89.27298114697139
0,1,569450,1687,15.0286656940392,0.0848131165763508,156.0,2.0,12.1506877865777,2.82755147978324,0.0011589785327219,16.857838,0.06791535,89.27298114697139
0,1,569450,1687,15.1134788106155,0.0848131165763508,158.0,2.0,12.1756982075865,2.82518104765875,0.0011975918438238,16.930656,0.07281858,89.27298114697139
0,1,569450,1687,15.1982919271919,0.0848131165763508,160.0,2.0,12.2007086285952,2.82281061553425,0.0012362051549256,16.99273,0.0620735,89.27298114697139
0,1,569450,1687,15.2831050437682,0.0848131165763526,162.0,2.0,12.225719049604,2.82044018340975,0.0012748184660275,17.033718,0.04098752,89.27298114697139
0,1,569450,1687,15.3679181603446,0.0848131165763508,164.0,2.0,12.2507294706128,2.81806975128526,0.0013134317771293,17.082373,0.048654348,89.27298114697139
0,1,569450,1687,15.4527312769209,0.0848131165763508,166.0,2.0,12.2757398916215,2.81569931916076,0.0013520450882312,17.12873,0.046358585,89.27298114697139
0,1,569450,1687,15.535,0.0822687230790606,168.0,2.0,12.3,2.8134,0.0013895,17.155264,0.026534319,89.27298114697139
0,1,569450,1690,10.188,10.188,2.0,2.0,15.68125,2.16867083333333,0.0,3.630866,3.630866,89.27298114697139
0,1,569450,1690,15.1920397350993,5.00403973509934,4.0,2.0,16.7933774834437,2.07660463576159,0.0,6.124029,2.493163,89.27298114697139
0,1,569450,1690,19.24356381798,4.05152408288068,6.0,2.0,17.4870144284129,2.13083229744728,0.0,7.9355063,1.8114772,89.27298114697139
0,1,569450,1690,19.9290244173141,0.685460599334075,8.0,2.0,17.0541620421754,2.11190887902331,0.0,8.454,0.5184946,89.27298114697139
0,1,569450,1690,20.6144850166482,0.685460599334071,10.0,2.0,16.6213096559378,2.09298546059933,0.0,8.908896,0.45489544,89.27298114697139
0,1,569450,1690,21.2999456159822,0.685460599334075,12.0,2.0,16.1884572697003,2.07406204217536,0.0,9.275688,0.36679226,89.27298114697139
0,1,569450,1690,21.9854062153163,0.685460599334071,14.0,2.0,15.7556048834628,2.05513862375139,0.0,9.603018,0.32732877,89.27298114697139
0,1,569450,1690,22.6708668146504,0.685460599334075,16.0,2.0,15.3227524972253,2.03621520532741,0.0,9.905745,0.3027274,89.27298114697139
0,1,569450,1690,23.3563274139845,0.685460599334075,18.0,2.0,14.8899001109878,2.01729178690344,0.0,10.198857,0.29311216,89.27298114697139
0,1,569450,1690,24.0417880133185,0.685460599334071,20.0,2.0,14.4570477247503,1.99836836847947,0.0,10.489427,0.29056937,89.27298114697139
0,1,569450,1690,24.7272486126526,0.685460599334075,22.0,2.0,14.0241953385128,1.97944495005549,0.0,10.772309,0.28288254,89.27298114697139
0,1,569450,1690,25.4038907422852,0.676642129632629,24.0,2.0,13.6023352793995,1.96104211843203,0.0,11.040779,0.26847064,89.27298114697139
0,1,569450,1690,25.6484278565471,0.244537114261885,26.0,2.0,13.7190992493745,1.96814804003336,0.0,11.289932,0.24915278,89.27298114697139
0,1,569450,1690,25.892964970809,0.244537114261885,28.0,2.0,13.8358632193495,1.9752539616347,0.0,11.516075,0.22614296,89.27298114697139
0,1,569450,1690,26.1375020850709,0.244537114261885,30.0,2.0,13.9526271893244,1.98235988323603,0.0,11.718928,0.20285296,89.27298114697139
0,1,569450,1690,26.3820391993328,0.244537114261885,32.0,2.0,14.0693911592994,1.98946580483736,0.0,11.899968,0.18103945,89.27298114697139
0,1,569450,1690,26.6265763135947,0.244537114261885,34.0,2.0,14.1861551292744,1.9965717264387,0.0,12.06198,0.16201216,89.27298114697139
0,1,569450,1690,26.8711134278565,0.244537114261885,36.0,2.0,14.3029190992494,2.00367764804003,0.0,12.208281,0.14630106,89.27298114697139
0,1,569450,1690,27.1156505421184,0.244537114261885,38.0,2.0,14.4196830692244,2.01078356964137,0.0,12.34421,0.1359283,89.27298114697139
0,1,569450,1690,27.3601876563803,0.244537114261888,40.0,2.0,14.5364470391993,2.0178894912427,0.0,12.472402,0.12819245,89.27298114697139
0,1,569450,1690,27.6047247706422,0.244537114261881,42.0,2.0,14.6532110091743,2.02499541284404,0.0,12.592795,0.120393604,89.27298114697139
0,1,569450,1690,27.8492618849041,0.244537114261888,44.0,2.0,14.7699749791493,2.03210133444537,0.0,12.705773,0.11297834,89.27298114697139
0,1,569450,1690,28.093798999166,0.244537114261885,46.0,2.0,14.8867389491243,2.03920725604671,0.0,12.81156,0.1057857,89.27298114697139
0,1,569450,1690,28.332915,0.239116000834027,48.0,2.0,15.000875,2.046526375,2.6041250000001e-06,12.91053,0.09897068,89.27298114697139
0,1,569450,1690,28.3967483333333,0.0638333333333314,50.0,2.0,15.0300416666667,2.060738875,8.94082916666668e-05,13.002866,0.09233594,89.27298114697139
0,1,569450,1690,28.4605816666667,0.063833333333335,52.0,2.0,15.0592083333333,2.074951375,0.0001762124583333,13.089776,0.08690983,89.27298114697139
0,1,569450,1690,28.524415,0.063833333333335,54.0,2.0,15.088375,2.089163875,0.000263016625,13.172044,0.08226821,89.27298114697139
0,1,569450,1690,28.5882483333333,0.0638333333333314,56.0,2.0,15.1175416666667,2.103376375,0.0003498207916666,13.250236,0.07819161,89.27298114697139
0,1,569450,1690,28.6520816666667,0.063833333333335,58.0,2.0,15.1467083333333,2.117588875,0.0004366249583333,13.324589,0.07435346,89.27298114697139
0,1,569450,1690,28.715915,0.0638333333333314,60.0,2.0,15.175875,2.131801375,0.000523429125,13.395181,0.070591986,89.27298114697139
0,1,569450,1690,28.7797483333333,0.063833333333335,62.0,2.0,15.2050416666667,2.146013875,0.0006102332916666,13.462283,0.067101955,89.27298114697139
0,1,569450,1690,28.8435816666667,0.0638333333333314,64.0,2.0,15.2342083333333,2.160226375,0.0006970374583333,13.526822,0.064539015,89.27298114697139
0,1,569450,1690,28.907415,0.063833333333335,66.0,2.0,15.263375,2.174438875,0.000783841625,13.589271,0.062448204,89.27298114697139
0,1,569450,1690,28.9712483333333,0.0638333333333314,68.0,2.0,15.2925416666667,2.188651375,0.0008706457916666,13.649828,0.060557604,89.27298114697139
0,1,569450,1690,29.0350816666667,0.063833333333335,70.0,2.0,15.3217083333333,2.202863875,0.0009574499583333,13.708644,0.058816373,89.27298114697139
0,1,569450,1690,29.098915,0.0638333333333314,72.0,2.0,15.350875,2.217076375,0.001044254125,13.765924,0.05728069,89.27298114697139
0,1,569450,1690,29.1627483333333,0.063833333333335,74.0,2.0,15.3800416666667,2.231288875,0.0011310582916666,13.821886,0.055960774,89.27298114697139
0,1,569450,1690,29.2265816666667,0.063833333333335,76.0,2.0,15.4092083333333,2.245501375,0.0012178624583333,13.876729,0.054843128,89.27298114697139
0,1,569450,1690,29.290415,0.0638333333333314,78.0,2.0,15.438375,2.259713875,0.001304666625,13.930748,0.054019034,89.27298114697139
0,1,569450,1690,29.3542483333333,0.063833333333335,80.0,2.0,15.4675416666667,2.273926375,0.0013914707916666,13.984463,0.053714544,89.27298114697139
0,1,569450,1690,29.4180816666667,0.0638333333333314,82.0,2.0,15.4967083333333,2.288138875,0.0014782749583333,14.038568,0.054104865,89.27298114697139
0,1,569450,1690,29.481915,0.063833333333335,84.0,2.0,15.525875,2.302351375,0.001565079125,14.093388,0.05482003,89.27298114697139
0,1,569450,1690,29.5457483333333,0.0638333333333314,86.0,2.0,15.5550416666667,2.316563875,0.0016518832916666,14.14859,0.055202395,89.27298114697139
0,1,569450,1690,29.6095816666667,0.063833333333335,88.0,2.0,15.5842083333333,2.330776375,0.0017386874583333,14.20393,0.05534035,89.27298114697139
0,1,569450,1690,29.673415,0.0638333333333314,90.0,2.0,15.613375,2.344988875,0.001825491625,14.259372,0.055442214,89.27298114697139
0,1,569450,1690,29.7372483333333,0.063833333333335,92.0,2.0,15.6425416666667,2.359201375,0.0019122957916666,14.314717,0.055345505,89.27298114697139
0,1,569450,1690,29.8010816666667,0.0638333333333314,94.0,2.0,15.6717083333333,2.373413875,0.0019990999583333,14.369836,0.055118203,89.27298114697139
0,1,569450,1690,29.8638875,0.0628058333333357,96.0,2.0,15.6998333333333,2.38840775,0.0020861935833333,14.424787,0.054950327,89.27298114697139
0,1,569450,1690,29.8934708333333,0.0295833333333313,98.0,2.0,15.6942777777778,2.42866608333333,0.0021826463611111,14.479631,0.054845214,89.27298114697139
0,1,569450,1690,29.9230541666667,0.0295833333333348,100.0,2.0,15.6887222222222,2.46892441666667,0.0022790991388888,14.534467,0.054834902,89.27298114697139
0,1,569450,1690,29.9526375,0.0295833333333313,102.0,2.0,15.6831666666667,2.50918275,0.0023755519166666,14.589308,0.054840982,89.27298114697139
0,1,569450,1690,29.9822208333333,0.0295833333333348,104.0,2.0,15.6776111111111,2.54944108333333,0.0024720046944444,14.6439,0.05459231,89.27298114697139
0,1,569450,1690,30.0118041666667,0.0295833333333348,106.0,2.0,15.6720555555556,2.58969941666667,0.0025684574722222,14.698021,0.054121524,89.27298114697139
0,1,569450,1690,30.0413875,0.0295833333333313,108.0,2.0,15.6665,2.62995775,0.00266491025,14.751575,0.053554058,89.27298114697139
0,1,569450,1690,30.0709708333333,0.0295833333333348,110.0,2.0,15.6609444444444,2.67021608333333,0.0027613630277777,14.804497,0.05292183,89.27298114697139
0,1,569450,1690,30.1005541666667,0.0295833333333313,112.0,2.0,15.6553888888889,2.71047441666667,0.0028578158055555,14.856869,0.05237186,89.27298114697139
0,1,569450,1690,30.1301375,0.0295833333333348,114.0,2.0,15.6498333333333,2.75073275,0.0029542685833333,14.909044,0.052175254,89.27298114697139
0,1,569450,1690,30.1597208333333,0.0295833333333348,116.0,2.0,15.6442777777778,2.79099108333333,0.0030507213611111,14.96161,0.052565575,89.27298114697139
0,1,569450,1690,30.1893041666667,0.0295833333333313,118.0,2.0,15.6387222222222,2.83124941666667,0.0031471741388888,15.014902,0.053292602,89.27298114697139
0,1,569450,1690,30.2188875,0.0295833333333348,120.0,2.0,15.6331666666667,2.87150775,0.0032436269166666,15.068631,0.05372861,89.27298114697139
0,1,569450,1690,30.2484708333333,0.0295833333333313,122.0,2.0,15.6276111111111,2.91176608333333,0.0033400796944444,15.121796,0.05316487,89.27298114697139
0,1,569450,1690,30.2780541666667,0.0295833333333348,124.0,2.0,15.6220555555556,2.95202441666667,0.0034365324722222,15.172985,0.051189512,89.27298114697139
0,1,569450,1690,30.3076375,0.0295833333333313,126.0,2.0,15.6165,2.99228275,0.00353298525,15.2220125,0.049027324,89.27298114697139
0,1,569450,1690,30.3372208333333,0.0295833333333348,128.0,2.0,15.6109444444444,3.03254108333333,0.0036294380277777,15.269879,0.04786709,89.27298114697139
0,1,569450,1690,30.3668041666667,0.0295833333333348,130.0,2.0,15.6053888888889,3.07279941666667,0.0037258908055555,15.317903,0.048023045,89.27298114697139
0,1,569450,1690,30.3963875,0.0295833333333313,132.0,2.0,15.5998333333333,3.11305775,0.0038223435833333,15.369466,0.051563263,89.27298114697139
0,1,569450,1690,30.4259708333333,0.0295833333333348,134.0,2.0,15.5942777777778,3.15331608333333,0.0039187963611111,15.4247875,0.055321753,89.27298114697139
0,1,569450,1690,30.4555541666667,0.0295833333333313,136.0,2.0,15.5887222222222,3.19357441666667,0.0040152491388888,15.481176,0.056388676,89.27298114697139
0,1,569450,1690,30.4851375,0.0295833333333348,138.0,2.0,15.5831666666667,3.23383275,0.0041117019166666,15.532145,0.05096844,89.27298114697139
0,1,569450,1690,30.5147208333333,0.0295833333333348,140.0,2.0,15.5776111111111,3.27409108333333,0.0042081546944444,15.5757065,0.043561906,89.27298114697139
0,1,569450,1690,30.5443041666667,0.0295833333333313,142.0,2.0,15.5720555555556,3.31434941666667,0.0043046074722222,15.611058,0.035351217,89.27298114697139
0,1,569450,1690,30.5738875,0.0295833333333348,144.0,2.0,15.5665,3.35460775,0.00440106025,15.639098,0.028040558,89.27298114697139
0,1,569450,1690,30.6034708333333,0.0295833333333313,146.0,2.0,15.5609444444444,3.39486608333333,0.0044975130277777,15.672701,0.033602506,89.27298114697139
0,1,569450,1690,30.6330541666667,0.0295833333333348,148.0,2.0,15.5553888888889,3.43512441666667,0.0045939658055555,15.719987,0.047286272,89.27298114697139
0,1,569450,1690,30.6626375,0.0295833333333313,150.0,2.0,15.5498333333333,3.47538275,0.0046904185833333,15.768584,0.04859683,89.27298114697139
0,1,569450,1690,30.6922208333333,0.0295833333333348,152.0,2.0,15.5442777777778,3.51564108333333,0.0047868713611111,15.81088,0.042295665,89.27298114697139
0,1,569450,1690,30.7218041666667,0.0295833333333348,154.0,2.0,15.5387222222222,3.55589941666667,0.0048833241388888,15.870221,0.05934146,89.27298114697139
0,1,569450,1690,30.7513875,0.0295833333333313,156.0,2.0,15.5331666666667,3.59615775,0.0049797769166666,15.928101,0.057879448,89.27298114697139
0,1,569450,1690,30.7809708333333,0.0295833333333348,158.0,2.0,15.5276111111111,3.63641608333333,0.0050762296944444,15.994234,0.06613371,89.27298114697139
0,1,569450,1690,30.8105541666667,0.0295833333333313,160.0,2.0,15.5220555555556,3.67667441666667,0.0051726824722222,16.049568,0.05533281,89.27298114697139
0,1,569450,1690,30.8401375,0.0295833333333348,162.0,2.0,15.5165,3.71693275,0.00526913525,16.087593,0.038024902,89.27298114697139
0,1,569450,1690,30.8697208333333,0.0295833333333348,164.0,2.0,15.5109444444444,3.75719108333333,0.0053655880277777,16.133562,0.045970142,89.27298114697139
0,1,569450,1690,30.8993041666667,0.0295833333333313,166.0,2.0,15.5053888888889,3.79744941666667,0.0054620408055555,16.177828,0.044265777,89.27298114697139
0,1,569450,1690,30.928,0.0286958333333338,168.0,2.0,15.5,3.8365,0.0055556,16.20412,0.026292056,89.27298114697139
0,1,569450,1707,14.37,14.37,2.0,2.0,20.3050505050505,2.0039303030303,0.0,4.1391926,4.1391926,89.27298114697139
0,1,569450,1707,20.8452,6.4752,4.0,2.0,21.174,2.162074,0.0,6.810689,2.6714966,89.27298114697139
0,1,569450,1707,23.1465661846496,2.30136618464961,6.0,2.0,21.8933259176863,2.3872,0.0,8.878084,2.0673945,89.27298114697139
0,1,569450,1707,23.6031846496107,0.456618464961068,8.0,2.0,21.2259176863181,2.3872,0.0,9.515603,0.6375197,89.27298114697139
0,1,569450,1707,24.0598031145717,0.456618464961068,10.0,2.0,20.5585094549499,2.3872,0.0,9.980403,0.46479958,89.27298114697139
0,1,569450,1707,24.5164215795328,0.456618464961068,12.0,2.0,19.8911012235818,2.3872,0.0,10.348561,0.36815837,89.27298114697139
0,1,569450,1707,24.9730400444939,0.456618464961068,14.0,2.0,19.2236929922136,2.3872,0.0,10.663531,0.31496972,89.27298114697139
0,1,569450,1707,25.4296585094549,0.456618464961068,16.0,2.0,18.5562847608454,2.3872,0.0,10.9430685,0.2795378,89.27298114697139
0,1,569450,1707,25.886276974416,0.456618464961068,18.0,2.0,17.8888765294772,2.3872,0.0,11.210106,0.26703677,89.27298114697139
0,1,569450,1707,26.3428954393771,0.456618464961068,20.0,2.0,17.221468298109,2.3872,0.0,11.475272,0.26516616,89.27298114697139
0,1,569450,1707,26.7995139043382,0.456618464961068,22.0,2.0,16.5540600667408,2.3872,0.0,11.736337,0.2610646,89.27298114697139
0,1,569450,1707,27.2506,0.451086095661847,24.0,2.0,15.9015,2.38691583333333,0.0,11.987386,0.25104916,89.27298114697139
0,1,569450,1707,27.4306,0.18,26.0,2.0,15.9765,2.3727075,0.0,12.224394,0.23700848,89.27298114697139
0,1,569450,1707,27.6106,0.180000000000003,28.0,2.0,16.0515,2.35849916666667,0.0,12.443584,0.21918997,89.27298114697139
0,1,569450,1707,27.7906,0.18,30.0,2.0,16.1265,2.34429083333333,0.0,12.643033,0.19944945,89.27298114697139
0,1,569450,1707,27.9706,0.18,32.0,2.0,16.2015,2.3300825,0.0,12.822115,0.17908183,89.27298114697139
0,1,569450,1707,28.1506,0.18,34.0,2.0,16.2765,2.31587416666667,0.0,12.981943,0.15982762,89.27298114697139
0,1,569450,1707,28.3306,0.18,36.0,2.0,16.3515,2.30166583333333,0.0,13.127596,0.14565286,89.27298114697139
0,1,569450,1707,28.5106,0.18,38.0,2.0,16.4265,2.2874575,0.0,13.2631035,0.13550812,89.27298114697139
0,1,569450,1707,28.6906,0.18,40.0,2.0,16.5015,2.27324916666667,0.0,13.390219,0.12711453,89.27298114697139
0,1,569450,1707,28.8706,0.18,42.0,2.0,16.5765,2.25904083333333,0.0,13.509492,0.119273126,89.27298114697139
0,1,569450,1707,29.0506,0.18,44.0,2.0,16.6515,2.2448325,0.0,13.6208515,0.11136004,89.27298114697139
0,1,569450,1707,29.2306,0.18,46.0,2.0,16.7265,2.23062416666667,0.0,13.724795,0.103944,89.27298114697139
0,1,569450,1707,29.4084158333333,0.177815833333334,48.0,2.0,16.7965833333333,2.216771,1.7360833333333e-06,13.821207,0.0964112,89.27298114697139
0,1,569450,1707,29.4792075,0.0707916666666684,50.0,2.0,16.62575,2.220321,8.854025e-05,13.910421,0.08921465,89.27298114697139
0,1,569450,1707,29.5499991666667,0.0707916666666648,52.0,2.0,16.4549166666667,2.223871,0.0001753444166666,13.993835,0.08341357,89.27298114697139
0,1,569450,1707,29.6207908333333,0.0707916666666684,54.0,2.0,16.2840833333333,2.227421,0.0002621485833333,14.072117,0.07828197,89.27298114697139
0,1,569450,1707,29.6915825,0.0707916666666648,56.0,2.0,16.11325,2.230971,0.00034895275,14.145778,0.07366082,89.27298114697139
0,1,569450,1707,29.7623741666667,0.0707916666666684,58.0,2.0,15.9424166666667,2.234521,0.0004357569166666,14.215584,0.06980619,89.27298114697139
0,1,569450,1707,29.8331658333333,0.0707916666666648,60.0,2.0,15.7715833333333,2.238071,0.0005225610833333,14.282369,0.06678498,89.27298114697139
0,1,569450,1707,29.9039575,0.0707916666666684,62.0,2.0,15.60075,2.241621,0.00060936525,14.347032,0.064662814,89.27298114697139
0,1,569450,1707,29.9747491666667,0.0707916666666684,64.0,2.0,15.4299166666667,2.245171,0.0006961694166666,14.409946,0.06291419,89.27298114697139
0,1,569450,1707,30.0455408333333,0.0707916666666648,66.0,2.0,15.2590833333333,2.248721,0.0007829735833333,14.4711895,0.061243385,89.27298114697139
0,1,569450,1707,30.1163325,0.0707916666666684,68.0,2.0,15.08825,2.252271,0.00086977775,14.530842,0.05965236,89.27298114697139
0,1,569450,1707,30.1871241666667,0.0707916666666648,70.0,2.0,14.9174166666667,2.255821,0.0009565819166666,14.589063,0.058220923,89.27298114697139
0,1,569450,1707,30.2579158333333,0.0707916666666684,72.0,2.0,14.7465833333333,2.259371,0.0010433860833333,14.646024,0.05696112,89.27298114697139
0,1,569450,1707,30.3287075,0.0707916666666648,74.0,2.0,14.57575,2.262921,0.00113019025,14.701878,0.055853903,89.27298114697139
0,1,569450,1707,30.3994991666667,0.0707916666666684,76.0,2.0,14.4049166666667,2.266471,0.0012169944166666,14.75678,0.054902077,89.27298114697139
0,1,569450,1707,30.4702908333333,0.0707916666666648,78.0,2.0,14.2340833333333,2.270021,0.0013037985833333,14.811156,0.054376632,89.27298114697139
0,1,569450,1707,30.5410825,0.0707916666666684,80.0,2.0,14.06325,2.273571,0.00139060275,14.865335,0.054178953,89.27298114697139
0,1,569450,1707,30.6118741666667,0.0707916666666648,82.0,2.0,13.8924166666667,2.277121,0.0014774069166666,14.919343,0.05400768,89.27298114697139
0,1,569450,1707,30.6826658333333,0.0707916666666684,84.0,2.0,13.7215833333333,2.280671,0.0015642110833333,14.973159,0.053815365,89.27298114697139
0,1,569450,1707,30.7534575,0.0707916666666684,86.0,2.0,13.55075,2.284221,0.00165101525,15.026884,0.053726047,89.27298114697139
0,1,569450,1707,30.8242491666667,0.0707916666666648,88.0,2.0,13.3799166666667,2.287771,0.0017378194166666,15.08054,0.053655386,89.27298114697139
0,1,569450,1707,30.8950408333333,0.0707916666666684,90.0,2.0,13.2090833333333,2.291321,0.0018246235833333,15.133987,0.053447515,89.27298114697139
0,1,569450,1707,30.9658325,0.0707916666666648,92.0,2.0,13.03825,2.294871,0.00191142775,15.187242,0.053254336,89.27298114697139
0,1,569450,1707,31.0366241666667,0.0707916666666684,94.0,2.0,12.8674166666667,2.298421,0.0019982319166666,15.240426,0.05318427,89.27298114697139
0,1,569450,1707,31.1077316666667,0.0711075000000001,96.0,2.0,12.6997222222222,2.30175788888889,0.0020821426111111,15.2936325,0.053206682,89.27298114697139
0,1,569450,1707,31.194315,0.0865833333333335,98.0,2.0,12.6858333333333,2.29465233333333,0.0020242731666666,15.346806,0.053173184,89.27298114697139
0,1,569450,1707,31.2808983333333,0.0865833333333335,100.0,2.0,12.6719444444444,2.28754677777778,0.0019664037222222,15.399885,0.053079337,89.27298114697139
0,1,569450,1707,31.3674816666667,0.0865833333333335,102.0,2.0,12.6580555555556,2.28044122222222,0.0019085342777777,15.452745,0.052859932,89.27298114697139
0,1,569450,1707,31.454065,0.0865833333333299,104.0,2.0,12.6441666666667,2.27333566666667,0.0018506648333333,15.505354,0.052609116,89.27298114697139
0,1,569450,1707,31.5406483333333,0.0865833333333335,106.0,2.0,12.6302777777778,2.26623011111111,0.0017927953888888,15.557805,0.052451253,89.27298114697139
0,1,569450,1707,31.6272316666667,0.0865833333333335,108.0,2.0,12.6163888888889,2.25912455555556,0.0017349259444444,15.610137,0.052331448,89.27298114697139
0,1,569450,1707,31.713815,0.0865833333333335,110.0,2.0,12.6025,2.252019,0.0016770565,15.661875,0.051738292,89.27298114697139
0,1,569450,1707,31.8003983333333,0.0865833333333335,112.0,2.0,12.5886111111111,2.24491344444444,0.0016191870555555,15.713051,0.05117607,89.27298114697139
0,1,569450,1707,31.8869816666667,0.0865833333333335,114.0,2.0,12.5747222222222,2.23780788888889,0.0015613176111111,15.763991,0.050940484,89.27298114697139
0,1,569450,1707,31.973565,0.0865833333333335,116.0,2.0,12.5608333333333,2.23070233333333,0.0015034481666666,15.815128,0.05113706,89.27298114697139
0,1,569450,1707,32.0601483333333,0.0865833333333299,118.0,2.0,12.5469444444444,2.22359677777778,0.0014455787222222,15.866943,0.051814854,89.27298114697139
0,1,569450,1707,32.1467316666667,0.086583333333337,120.0,2.0,12.5330555555556,2.21649122222222,0.0013877092777777,15.91946,0.05251679,89.27298114697139
0,1,569450,1707,32.233315,0.0865833333333299,122.0,2.0,12.5191666666667,2.20938566666667,0.0013298398333333,15.971724,0.05226341,89.27298114697139
0,1,569450,1707,32.3198983333333,0.086583333333337,124.0,2.0,12.5052777777778,2.20228011111111,0.0012719703888888,16.022657,0.050933957,89.27298114697139
0,1,569450,1707,32.4064816666667,0.0865833333333299,126.0,2.0,12.4913888888889,2.19517455555556,0.0012141009444444,16.072193,0.049534887,89.27298114697139
0,1,569450,1707,32.493065,0.086583333333337,128.0,2.0,12.4775,2.188069,0.0011562315,16.120636,0.048444062,89.27298114697139
0,1,569450,1707,32.5796483333333,0.0865833333333299,130.0,2.0,12.4636111111111,2.18096344444444,0.0010983620555555,16.169016,0.048378915,89.27298114697139
0,1,569450,1707,32.6662316666667,0.086583333333337,132.0,2.0,12.4497222222222,2.17385788888889,0.0010404926111111,16.219332,0.05031544,89.27298114697139
0,1,569450,1707,32.752815,0.0865833333333299,134.0,2.0,12.4358333333333,2.16675233333333,0.0009826231666666,16.273163,0.053831697,89.27298114697139
0,1,569450,1707,32.8393983333333,0.086583333333337,136.0,2.0,12.4219444444444,2.15964677777778,0.0009247537222222,16.327667,0.05450517,89.27298114697139
0,1,569450,1707,32.9259816666667,0.0865833333333299,138.0,2.0,12.4080555555556,2.15254122222222,0.0008668842777777,16.379362,0.051694214,89.27298114697139
0,1,569450,1707,33.012565,0.086583333333337,140.0,2.0,12.3941666666667,2.14543566666667,0.0008090148333333,16.425335,0.04597336,89.27298114697139
0,1,569450,1707,33.0991483333333,0.0865833333333299,142.0,2.0,12.3802777777778,2.13833011111111,0.0007511453888888,16.462772,0.03743705,89.27298114697139
0,1,569450,1707,33.1857316666667,0.086583333333337,144.0,2.0,12.3663888888889,2.13122455555556,0.0006932759444444,16.49193,0.029157132,89.27298114697139
0,1,569450,1707,33.272315,0.0865833333333299,146.0,2.0,12.3525,2.124119,0.0006354065,16.524725,0.032795012,89.27298114697139
0,1,569450,1707,33.3588983333333,0.086583333333337,148.0,2.0,12.3386111111111,2.11701344444444,0.0005775370555555,16.568443,0.04371783,89.27298114697139
0,1,569450,1707,33.4454816666667,0.0865833333333299,150.0,2.0,12.3247222222222,2.10990788888889,0.0005196676111111,16.61505,0.046606928,89.27298114697139
0,1,569450,1707,33.532065,0.086583333333337,152.0,2.0,12.3108333333333,2.10280233333333,0.0004617981666666,16.656559,0.041508824,89.27298114697139
0,1,569450,1707,33.6186483333333,0.0865833333333299,154.0,2.0,12.2969444444444,2.09569677777778,0.0004039287222222,16.714317,0.057758868,89.27298114697139
0,1,569450,1707,33.7052316666667,0.0865833333333299,156.0,2.0,12.2830555555556,2.08859122222222,0.0003460592777777,16.772894,0.058576047,89.27298114697139
0,1,569450,1707,33.791815,0.086583333333337,158.0,2.0,12.2691666666667,2.08148566666667,0.0002881898333333,16.837185,0.06429145,89.27298114697139
0,1,569450,1707,33.8783983333333,0.0865833333333299,160.0,2.0,12.2552777777778,2.07438011111111,0.0002303203888888,16.8902,0.05301571,89.27298114697139
0,1,569450,1707,33.9649816666667,0.086583333333337,162.0,2.0,12.2413888888889,2.06727455555556,0.0001724509444444,16.926035,0.035834312,89.27298114697139
0,1,569450,1707,34.051565,0.0865833333333299,164.0,2.0,12.2275,2.060169,0.0001145815,16.968008,0.04197398,89.27298114697139
0,1,569450,1707,34.1381483333333,0.086583333333337,166.0,2.0,12.2136111111111,2.05306344444444,5.67120555555558e-05,17.007835,0.039827526,89.27298114697139
0,1,569450,1707,34.223,0.0848516666666654,168.0,2.0,12.2,2.0461,0.0,17.028902,0.021065742,89.27298114697139
0,1,569450,1711,10.660396039604,10.660396039604,2.0,2.0,15.8,3.8365,0.09901,7.740915,7.740915,89.27298114697139
0,1,569450,1711,12.89946,2.23906396039604,4.0,2.0,15.8,2.908078,0.0009900999999999,12.718836,4.977921,89.27298114697139
0,1,569450,1711,14.4101555555556,1.51069555555556,6.0,2.0,15.8,2.77364222222222,0.0120711555555556,13.616491,0.8976555,89.27298114697139
0,1,569450,1711,15.9143530864198,1.5041975308642,8.0,2.0,15.8,2.6473212345679,0.0242642419753086,13.98784,0.37134814,89.27298114697139
0,1,569450,1711,16.8107688442211,0.896415757801352,10.0,2.0,15.9939698492462,3.01498266331658,0.110192424623116,14.335701,0.34786135,89.27298114697139
0,1,569450,1711,17.6851407035176,0.874371859296485,12.0,2.0,16.1949748743719,3.40056055276382,0.19879493718593,14.607706,0.2720055,89.27298114697139
0,1,569450,1711,17.9190625,0.233921796482409,14.0,2.0,16.2975,3.50718,0.1710542625,14.893204,0.2854977,89.27298114697139
0,1,569450,1711,18.1365625,0.217500000000001,16.0,2.0,16.3975,3.60664666666667,0.140330429166667,15.191471,0.29826707,89.27298114697139
0,1,569450,1711,18.3540625,0.217500000000001,18.0,2.0,16.4975,3.70611333333333,0.109606595833333,15.513656,0.32218415,89.27298114697139
0,1,569450,1711,18.5715625,0.217499999999998,20.0,2.0,16.5975,3.80558,0.0788827625,15.845789,0.33213395,89.27298114697139
0,1,569450,1711,18.7890625,0.217500000000001,22.0,2.0,16.6975,3.90504666666667,0.0481589291666667,16.233667,0.38787824,89.27298114697139
0,1,569450,1711,19.0065625,0.217500000000001,24.0,2.0,16.7975,4.00451333333333,0.0174350958333334,16.612791,0.37912408,89.27298114697139
0,1,569450,1711,19.012,0.0054374999999993,26.0,2.0,16.8,4.007,0.016667,16.919735,0.30694366,89.27298114697139
0,1,569450,1735,3.30127969543147,3.30127969543147,2.0,2.0,11.9446700507614,5.13558020304569,0.0,2.623964,2.623964,89.27298114697139
0,1,569450,1735,6.1783,2.87702030456853,4.0,2.0,12.5,4.9914,0.0,4.188249,1.564285,89.27298114697139
0,1,569450,1735,8.0563,1.878,6.0,2.0,12.9,4.4604,0.0,5.4369755,1.2487264,89.27298114697139
0,1,569450,1735,8.30434674457429,0.248046744574291,8.0,2.0,12.7441847523651,4.27423416805787,0.0024773511407902,5.8775673,0.4405916,89.27298114697139
0,1,569450,1735,8.55239348914858,0.248046744574291,10.0,2.0,12.5883695047301,4.08806833611575,0.0049547022815804,6.2740684,0.3965013,89.27298114697139
0,1,569450,1735,8.80044023372287,0.248046744574291,12.0,2.0,12.4325542570952,3.90190250417362,0.0074320534223706,6.598446,0.3243776,89.27298114697139
0,1,569450,1735,9.04848697829716,0.248046744574291,14.0,2.0,12.2767390094602,3.7157366722315,0.0099094045631608,6.9144115,0.31596565,89.27298114697139
0,1,569450,1735,9.29653372287145,0.248046744574291,16.0,2.0,12.1209237618253,3.52957084028937,0.012386755703951,7.23309,0.3186785,89.27298114697139
0,1,569450,1735,9.54458046744574,0.248046744574289,18.0,2.0,11.9651085141903,3.34340500834725,0.0148641068447412,7.5617504,0.32866013,89.27298114697139
0,1,569450,1735,9.79262721202003,0.248046744574291,20.0,2.0,11.8092932665554,3.15723917640512,0.0173414579855314,7.8863616,0.3246112,89.27298114697139
0,1,569450,1735,10.0406739565943,0.248046744574291,22.0,2.0,11.6534780189204,2.97107334446299,0.0198188091263217,8.193608,0.30724657,89.27298114697139
0,1,569450,1735,10.2874898128898,0.246815856295489,24.0,2.0,11.5001247401247,2.78700457380457,0.0222312340956341,8.472992,0.27938348,89.27298114697139
0,1,569450,1735,10.4534773388773,0.165987525987527,26.0,2.0,11.5084407484407,2.74064282744283,0.0203801738045738,8.72237,0.24937847,89.27298114697139
0,1,569450,1735,10.6194648648649,0.165987525987525,28.0,2.0,11.5167567567568,2.69428108108108,0.0185291135135135,8.946788,0.22441772,89.27298114697139
0,1,569450,1735,10.7854523908524,0.165987525987527,30.0,2.0,11.5250727650728,2.64791933471933,0.0166780532224532,9.157198,0.21041039,89.27298114697139
0,1,569450,1735,10.9514399168399,0.165987525987525,32.0,2.0,11.5333887733888,2.60155758835759,0.0148269929313929,9.358919,0.20172104,89.27298114697139
0,1,569450,1735,11.1174274428274,0.165987525987527,34.0,2.0,11.5417047817048,2.55519584199584,0.0129759326403326,9.552436,0.19351661,89.27298114697139
0,1,569450,1735,11.283414968815,0.165987525987525,36.0,2.0,11.5500207900208,2.5088340956341,0.0111248723492723,9.738658,0.18622231,89.27298114697139
0,1,569450,1735,11.4494024948025,0.165987525987527,38.0,2.0,11.5583367983368,2.46247234927235,0.009273812058212,9.917449,0.1787909,89.27298114697139
0,1,569450,1735,11.61539002079,0.165987525987527,40.0,2.0,11.5666528066528,2.4161106029106,0.0074227517671517,10.088686,0.17123702,89.27298114697139
0,1,569450,1735,11.7813775467775,0.165987525987525,42.0,2.0,11.5749688149688,2.36974885654886,0.0055716914760914,10.249999,0.1613135,89.27298114697139
0,1,569450,1735,11.9473650727651,0.165987525987527,44.0,2.0,11.5832848232848,2.32338711018711,0.0037206311850311,10.401271,0.15127143,89.27298114697139
0,1,569450,1735,12.1133525987526,0.165987525987525,46.0,2.0,11.5916008316008,2.27702536382536,0.0018695708939709,10.541527,0.1402559,89.27298114697139
0,1,569450,1735,12.2793401247401,0.165987525987527,48.0,2.0,11.5999168399168,2.23066361746362,1.85106029106062e-05,10.670864,0.12933728,89.27298114697139
0,1,569450,1735,12.3047335834897,0.0253934587495568,50.0,2.0,11.6577861163227,2.29923789868668,0.0,10.790026,0.11916134,89.27298114697139
0,1,569450,1735,12.3287069001459,0.0239733166562424,52.0,2.0,11.7161559307901,2.36897314988535,0.0,10.900361,0.11033544,89.27298114697139
0,1,569450,1735,12.3526802168022,0.0239733166562441,54.0,2.0,11.7745257452575,2.43870840108401,0.0,11.003803,0.10344279,89.27298114697139
0,1,569450,1735,12.3766535334584,0.0239733166562441,56.0,2.0,11.8328955597248,2.50844365228268,0.0,11.101404,0.0976001,89.27298114697139
0,1,569450,1735,12.4006268501147,0.0239733166562424,58.0,2.0,11.8912653741922,2.57817890348134,0.0,11.194557,0.09315309,89.27298114697139
0,1,569450,1735,12.4246001667709,0.0239733166562441,60.0,2.0,11.9496351886596,2.64791415468001,0.0,11.283974,0.08941659,89.27298114697139
0,1,569450,1735,12.4485734834271,0.0239733166562424,62.0,2.0,12.008005003127,2.71764940587867,0.0,11.370475,0.08650151,89.27298114697139
0,1,569450,1735,12.4725468000834,0.0239733166562441,64.0,2.0,12.0663748175943,2.78738465707734,0.0,11.454736,0.08426073,89.27298114697139
0,1,569450,1735,12.4965201167396,0.0239733166562441,66.0,2.0,12.1247446320617,2.85711990827601,0.0,11.536606,0.0818699,89.27298114697139
0,1,569450,1735,12.5204934333959,0.0239733166562424,68.0,2.0,12.1831144465291,2.92685515947467,0.0,11.616001,0.079395145,89.27298114697139
0,1,569450,1735,12.5444667500521,0.0239733166562441,70.0,2.0,12.2414842609965,2.99659041067334,0.0,11.692956,0.0769555,89.27298114697139
0,1,569450,1735,12.5684400667084,0.0239733166562441,72.0,2.0,12.2998540754638,3.066325661872,0.0,11.767716,0.07476029,89.27298114697139
0,1,569450,1735,12.5924133833646,0.0239733166562424,74.0,2.0,12.3582238899312,3.13606091307067,0.0,11.840402,0.07268533,89.27298114697139
0,1,569450,1735,12.6163867000208,0.0239733166562441,76.0,2.0,12.4165937043986,3.20579616426933,0.0,11.910998,0.070596576,89.27298114697139
0,1,569450,1735,12.6403600166771,0.0239733166562424,78.0,2.0,12.474963518866,3.275531415468,0.0,11.979334,0.06833571,89.27298114697139
0,1,569450,1735,12.6643333333333,0.0239733166562441,80.0,2.0,12.5333333333333,3.34526666666667,0.0,12.045351,0.06601724,89.27298114697139
0,1,569450,1735,12.6883066499896,0.0239733166562441,82.0,2.0,12.5917031478007,3.41500191786533,0.0,12.108947,0.0635958,89.27298114697139
0,1,569450,1735,12.7122799666458,0.0239733166562424,84.0,2.0,12.6500729622681,3.484737169064,0.0,12.170147,0.061199933,89.27298114697139
0,1,569450,1735,12.7362532833021,0.0239733166562441,86.0,2.0,12.7084427767355,3.55447242026266,0.0,12.229034,0.058887303,89.27298114697139
0,1,569450,1735,12.7602265999583,0.0239733166562441,88.0,2.0,12.7668125912028,3.62420767146133,0.0,12.285616,0.056581378,89.27298114697139
0,1,569450,1735,12.7841999166146,0.0239733166562424,90.0,2.0,12.8251824056702,3.69394292266,0.0,12.339891,0.054275632,89.27298114697139
0,1,569450,1735,12.8081732332708,0.0239733166562441,92.0,2.0,12.8835522201376,3.76367817385866,0.0,12.392045,0.05215329,89.27298114697139
0,1,569450,1735,12.832146549927,0.0239733166562424,94.0,2.0,12.941922034605,3.83341342505733,0.0,12.442367,0.050322145,89.27298114697139
0,1,569450,1735,12.856019994446,0.0238734445189497,96.0,2.0,12.999777839489,3.90287742293807,3.85587336851072e-07,12.490903,0.048535734,89.27298114697139
0,1,569450,1735,12.8600188836434,0.0039988891974456,98.0,2.0,12.9553457372952,3.91836201055262,7.7503054707026e-05,12.537591,0.04668802,89.27298114697139
0,1,569450,1735,12.8640177728409,0.0039988891974456,100.0,2.0,12.9109136351014,3.93384659816718,0.0001546205220772,12.58231,0.04471925,89.27298114697139
0,1,569450,1735,12.8680166620383,0.0039988891974438,102.0,2.0,12.8664815329075,3.94933118578173,0.0002317379894473,12.625169,0.04285884,89.27298114697139
0,1,569450,1735,12.8720155512358,0.0039988891974456,104.0,2.0,12.8220494307137,3.96481577339628,0.0003088554568175,12.666354,0.04118526,89.27298114697139
0,1,569450,1735,12.8760144404332,0.0039988891974456,106.0,2.0,12.7776173285199,3.98030036101083,0.0003859729241877,12.706875,0.04052064,89.27298114697139
0,1,569450,1735,12.8800133296307,0.0039988891974456,108.0,2.0,12.733185226326,3.99578494862538,0.0004630903915579,12.747053,0.04017842,89.27298114697139
0,1,569450,1735,12.8840122188281,0.0039988891974438,110.0,2.0,12.6887531241322,4.01126953623993,0.000540207858928,12.786727,0.039673507,89.27298114697139
0,1,569450,1735,12.8880111080255,0.0039988891974456,112.0,2.0,12.6443210219384,4.02675412385449,0.0006173253262982,12.825881,0.03915456,89.27298114697139
0,1,569450,1735,12.892009997223,0.0039988891974456,114.0,2.0,12.5998889197445,4.04223871146904,0.0006944427936684,12.8647,0.038819492,89.27298114697139
0,1,569450,1735,12.8960088864204,0.0039988891974456,116.0,2.0,12.5554568175507,4.05772329908359,0.0007715602610386,12.903582,0.038881212,89.27298114697139
0,1,569450,1735,12.9000077756179,0.0039988891974438,118.0,2.0,12.5110247153568,4.07320788669814,0.0008486777284087,12.942827,0.039245576,89.27298114697139
0,1,569450,1735,12.9040066648153,0.0039988891974456,120.0,2.0,12.466592613163,4.08869247431269,0.0009257951957789,12.982761,0.03993404,89.27298114697139
0,1,569450,1735,12.9080055540128,0.0039988891974456,122.0,2.0,12.4221605109692,4.10417706192724,0.0010029126631491,13.023682,0.040920228,89.27298114697139
0,1,569450,1735,12.9120044432102,0.0039988891974456,124.0,2.0,12.3777284087753,4.11966164954179,0.0010800301305193,13.065711,0.042029023,89.27298114697139
0,1,569450,1735,12.9160033324077,0.0039988891974438,126.0,2.0,12.3332963065815,4.13514623715635,0.0011571475978894,13.108038,0.042327285,89.27298114697139
0,1,569450,1735,12.9200022216051,0.0039988891974456,128.0,2.0,12.2888642043877,4.1506308247709,0.0012342650652596,13.150368,0.04232946,89.27298114697139
0,1,569450,1735,12.9240011108026,0.0039988891974456,130.0,2.0,12.2444321021938,4.16611541238545,0.0013113825326298,13.192466,0.042098314,89.27298114697139
0,1,569450,1735,12.928,0.0039988891974456,132.0,2.0,12.2,4.1816,0.0013885,13.234615,0.042149305,89.27298114697139
0,1,569450,1735,12.9319988891974,0.0039988891974438,134.0,2.0,12.1555678978062,4.19708458761455,0.0014656174673701,13.276584,0.041968405,89.27298114697139
0,1,569450,1735,12.9359977783949,0.0039988891974456,136.0,2.0,12.1111357956123,4.2125691752291,0.0015427349347403,13.319584,0.043000966,89.27298114697139
0,1,569450,1735,12.9399966675923,0.0039988891974456,138.0,2.0,12.0667036934185,4.22805376284365,0.0016198524021105,13.366668,0.047083586,89.27298114697139
0,1,569450,1735,12.9439955567898,0.0039988891974438,140.0,2.0,12.0222715912247,4.24353835045821,0.0016969698694807,13.412856,0.046187818,89.27298114697139
0,1,569450,1735,12.9479944459872,0.0039988891974456,142.0,2.0,11.9778394890308,4.25902293807276,0.0017740873368508,13.445663,0.032807976,89.27298114697139
0,1,569450,1735,12.9519933351847,0.0039988891974456,144.0,2.0,11.933407386837,4.27450752568731,0.001851204804221,13.467645,0.021980643,89.27298114697139
0,1,569450,1735,12.9559922243821,0.0039988891974456,146.0,2.0,11.8889752846432,4.28999211330186,0.0019283222715912,13.488692,0.021048307,89.27298114697139
0,1,569450,1735,12.9599911135796,0.0039988891974438,148.0,2.0,11.8445431824493,4.30547670091641,0.0020054397389614,13.521869,0.033175677,89.27298114697139
0,1,569450,1735,12.963990002777,0.0039988891974456,150.0,2.0,11.8001110802555,4.32096128853096,0.0020825572063315,13.557451,0.03558269,89.27298114697139
0,1,569450,1735,12.9679888919745,0.0039988891974456,152.0,2.0,11.7556789780616,4.33644587614551,0.0021596746737017,13.592419,0.03496766,89.27298114697139
0,1,569450,1735,12.9719877811719,0.0039988891974456,154.0,2.0,11.7112468758678,4.35193046376007,0.0022367921410719,13.6248255,0.03240642,89.27298114697139
0,1,569450,1735,12.9759866703693,0.0039988891974438,156.0,2.0,11.666814773674,4.36741505137462,0.0023139096084421,13.672701,0.047875255,89.27298114697139
0,1,569450,1735,12.9799855595668,0.0039988891974456,158.0,2.0,11.6223826714801,4.38289963898917,0.0023910270758122,13.703229,0.030528545,89.27298114697139
0,1,569450,1735,12.9839844487642,0.0039988891974456,160.0,2.0,11.5779505692863,4.39838422660372,0.0024681445431824,13.742008,0.03877881,89.27298114697139
0,1,569450,1735,12.9879833379617,0.0039988891974456,162.0,2.0,11.5335184670925,4.41386881421827,0.0025452620105526,13.776173,0.034165204,89.27298114697139
0,1,569450,1735,12.9919822271591,0.0039988891974438,164.0,2.0,11.4890863648986,4.42935340183282,0.0026223794779228,13.814531,0.03835851,89.27298114697139
0,1,569450,1735,12.9959811163566,0.0039988891974456,166.0,2.0,11.4446542627048,4.44483798944738,0.0026994969452929,13.845306,0.030774921,89.27298114697139
0,1,569450,1735,12.999980005554,0.0039988891974456,168.0,2.0,11.400222160511,4.46032257706193,0.0027766144126631,13.877574,0.03226772,89.27298114697139
0,1,569450,1735,13.0,1.99944459868817e-05,170.0,2.0,11.4,4.4604,0.002777,13.87009,-0.007484287,89.27298114697139
0,1,569450,2236,24.71957799255,24.71957799255,2.0,2.0,34.445895,2.12932675865,0.0,41.431473,41.431473,89.27298114697139
0,1,569450,2236,43.60991164255,18.89033365,4.0,2.0,30.74173,0.10354717585,0.0,57.39562,15.964146,89.27298114697139
0,1,569450,2236,45.73835899255,2.12844734999999,6.0,2.0,27.062515,0.9667392265,0.0,66.31705,8.921428,89.27298114697139
0,1,569450,2236,48.43863289255,2.7002739,8.0,2.0,26.079215,0.9156207415,0.0,70.73499,4.417947,89.27298114697139
0,1,569450,2236,49.7427616390531,1.30412874650303,10.0,2.0,23.2708493725941,0.383522893565965,0.0,74.302505,3.567513,89.27298114697139
0,1,569450,2236,50.56364949255,0.820887853496977,12.0,2.0,22.6996,0.70221214,0.0,76.81985,2.5173411,89.27298114697139
0,1,569450,2236,51.84664949255,1.283,14.0,2.0,25.0996,0.79937214,0.0,79.121735,2.3018856,89.27298114697139
0,1,569450,2236,53.15214249255,1.305493,16.0,2.0,27.476775,0.95813225,0.0,81.78985,2.6681163,89.27298114697139
0,1,569450,2236,54.97714249255,1.825,18.0,2.0,29.326775,2.53963225,0.0,84.71065,2.9207978,89.27298114697139
0,1,569450,2236,56.79479699255,1.8176545,20.0,2.0,31.02115,4.020837125,0.0,87.32401,2.6133635,89.27298114697139
0,1,569450,2236,58.44279699255,1.648,22.0,2.0,29.12115,3.185587125,0.0,89.11777,1.7937541,89.27298114697139
0,1,569450,2236,60.03600661755,1.593209625,24.0,2.0,27.2450125,2.36792109,0.0,89.87407,0.7563056,89.27298114697139
0,1,569450,2236,60.36375661755,0.327750000000002,26.0,2.0,25.9200125,1.95638109,0.0,90.33887,0.46479958,89.27298114697139
0,1,569450,2236,60.69150661755,0.327750000000002,28.0,2.0,24.5950125,1.54484109,0.0,90.80367,0.46479958,89.27298114697139
0,1,569450,2236,61.01925661755,0.327749999999995,30.0,2.0,23.2700125,1.13330109,0.0,91.24677,0.44310504,89.27298114697139
0,1,569450,2236,61.34442324255,0.325166625000001,32.0,2.0,21.99585,0.761822285,0.0,91.66358,0.41680604,89.27298114697139
0,1,569450,2236,61.60992324255,0.265500000000003,34.0,2.0,21.89585,1.315612285,0.0,92.067955,0.40437597,89.27298114697139
0,1,569450,2236,61.87542324255,0.265499999999996,36.0,2.0,21.79585,1.869402285,0.0,92.46425,0.3962917,89.27298114697139
0,1,569450,2236,62.14092324255,0.265500000000003,38.0,2.0,21.69585,2.423192285,0.0,92.85025,0.38600045,89.27298114697139
0,1,569450,2236,62.41306324255,0.272139999999993,40.0,2.0,21.680925,2.9463588125,0.0,93.21945,0.36920467,89.27298114697139
0,1,569450,2236,62.83856324255,0.425500000000007,42.0,2.0,23.630925,2.7622338125,0.0,93.56047,0.3410208,89.27298114697139
0,1,569450,2236,63.26406324255,0.4255,44.0,2.0,25.580925,2.5781088125,0.0,93.87158,0.3111055,89.27298114697139
0,1,569450,2236,63.6895632425501,0.425500000000007,46.0,2.0,27.530925,2.3939838125,0.0,94.14886,0.2772766,89.27298114697139
0,1,569450,2236,64.1073338675501,0.417770625000003,48.0,2.0,29.306625,2.213825175,0.0,94.38646,0.23760423,89.27298114697139
0,1,569450,2236,64.3465838675501,0.239249999999998,50.0,2.0,27.056625,2.125275175,0.0,94.58793,0.20146555,89.27298114697139
0,1,569450,2236,64.5858338675501,0.239249999999998,52.0,2.0,24.806625,2.036725175,0.0,94.762474,0.17454717,89.27298114697139
0,1,569450,2236,64.82508386755,0.239249999999998,54.0,2.0,22.556625,1.948175175,0.0,94.92159,0.15912056,89.27298114697139
0,1,569450,2236,65.05570186755,0.230617999999993,56.0,2.0,20.4217875,1.8772865375,0.0,95.076546,0.15495598,89.27298114697139
0,1,569450,2236,65.08695186755,0.03125,58.0,2.0,20.9467875,2.2143115375,0.0,95.23387,0.15732047,89.27298114697139
0,1,569450,2236,65.11820186755,0.03125,60.0,2.0,21.4717875,2.5513365375,0.0,95.39484,0.16096729,89.27298114697139
0,1,569450,2236,65.14945186755,0.03125,62.0,2.0,21.9967875,2.8883615375,0.0,95.56042,0.16557872,89.27298114697139
0,1,569450,2236,65.18838974255,0.038937875000002,64.0,2.0,22.5674375,3.2075021125,0.0,95.72862,0.16820788,89.27298114697139
0,1,569450,2236,65.4048897425501,0.216500000000011,66.0,2.0,24.1924375,3.1135771125,0.0,95.89157,0.16294506,89.27298114697139
0,1,569450,2236,65.6213897425501,0.216499999999996,68.0,2.0,25.8174375,3.0196521125,0.0,96.043594,0.15202865,89.27298114697139
0,1,569450,2236,65.83788974255,0.216499999999996,70.0,2.0,27.4424375,2.9257271125,0.0,96.18206,0.13846448,89.27298114697139
0,1,569450,2236,66.05081036755,0.212920624999995,72.0,2.0,28.9097375,2.8335918,0.0,96.30348,0.12142369,89.27298114697139
0,1,569450,2236,66.18106036755,0.130250000000004,74.0,2.0,26.7347375,2.7827918,0.0,96.40649,0.10299736,89.27298114697139
0,1,569450,2236,66.31131036755,0.130250000000004,76.0,2.0,24.5597375,2.7319918,0.0,96.49304,0.086562395,89.27298114697139
0,1,569450,2236,66.4415603675501,0.130250000000004,78.0,2.0,22.3847375,2.6811918,0.0,96.56789,0.074842036,89.27298114697139
0,1,569450,2236,66.5683347425501,0.126774374999997,80.0,2.0,20.322825,2.6358563125,0.0,96.637054,0.06916991,89.27298114697139
0,1,569450,2236,66.61483474255,0.0464999999999947,82.0,2.0,20.872825,2.7167313125,0.0,96.70521,0.06814703,89.27298114697139
0,1,569450,2236,66.6613347425501,0.0465000000000089,84.0,2.0,21.422825,2.7976063125,0.0,96.77534,0.07013443,89.27298114697139
0,1,569450,2236,66.70783474255,0.0464999999999947,86.0,2.0,21.972825,2.8784813125,0.0,96.84899,0.07365629,89.27298114697139
0,1,569450,2236,66.75674174255,0.0489069999999998,88.0,2.0,22.568475,2.9560715875,0.0,96.927895,0.078897,89.27298114697139
0,1,569450,2236,66.86124174255,0.104500000000002,90.0,2.0,24.218475,2.9577965875,0.0,97.01292,0.085022986,89.27298114697139
0,1,569450,2236,66.9657417425501,0.104500000000002,92.0,2.0,25.868475,2.9595215875,0.0,97.10164,0.08872005,89.27298114697139
0,1,569450,2236,67.0702417425501,0.104500000000002,94.0,2.0,27.518475,2.9612465875,0.0,97.177345,0.07570669,89.27298114697139
0,1,569450,2236,67.1740971080067,0.103855365456695,96.0,2.0,29.0128826689991,2.96056235161814,0.0,97.22974,0.052396744,89.27298114697139
0,1,569450,2236,67.2630637455177,0.0889666375109357,98.0,2.0,26.9136698737973,2.90423347494689,0.0,97.26058,0.030845135,89.27298114697139
0,1,569450,2236,67.3520303830286,0.0889666375109357,100.0,2.0,24.8144570785955,2.84790459827565,0.0,97.277626,0.017039865,89.27298114697139
0,1,569450,2236,67.4409970205396,0.0889666375109357,102.0,2.0,22.7152442833937,2.7915757216044,0.0,97.29273,0.01510939,89.27298114697139
0,1,569450,2236,67.5277949925501,0.0867979720105012,104.0,2.0,20.706,2.722548,0.0,97.30932,0.016587615,89.27298114697139
0,1,569450,2236,67.5625449925501,0.0347500000000025,106.0,2.0,20.856,2.348748,0.0,97.32031,0.010988861,89.27298114697139
0,1,569450,2236,67.59729499255,0.0347499999999883,108.0,2.0,21.006,1.974948,0.0,97.3089,-0.011410236,89.27298114697139
0,1,569450,2236,67.63204499255,0.0347500000000025,110.0,2.0,21.156,1.601148,0.0,97.30979,0.0008919537,89.27298114697139
0,1,569450,2236,67.6697049925501,0.0376600000000025,112.0,2.0,21.346,1.242351,0.0,97.29993,-0.00986132,89.27298114697139
0,1,569450,2236,67.7772049925501,0.107500000000002,114.0,2.0,22.496,1.243626,0.0,97.31241,0.012475997,89.27298114697139
0,1,569450,2236,67.88470499255,0.107499999999987,116.0,2.0,23.646,1.244901,0.0,97.320625,0.008221775,89.27298114697139
0,1,569450,2236,67.99220499255,0.107500000000002,118.0,2.0,24.796,1.246176,0.0,97.33857,0.017938823,89.27298114697139
0,1,569450,2236,68.09962499255,0.107420000000005,120.0,2.0,25.846,1.232197,0.0,97.36985,0.03128296,89.27298114697139
0,1,569450,2236,68.20512499255,0.105499999999992,122.0,2.0,24.496,0.852122,0.0,97.414696,0.04484576,89.27298114697139
0,1,569450,2236,68.30640499255,0.101280000000003,124.0,2.0,23.2,0.48725,0.0,97.42707,0.012374103,89.27298114697139
0,1,569450,2272,0.00304913,0.00304913,2.0,2.0,6.54,2.47101,0.0,0.60857284,0.60857284,89.27298114697139
0,1,569450,2272,0.00500498,0.00195585,4.0,2.0,6.89,2.58105,0.0,1.0733724,0.46479958,89.27298114697139
0,1,569450,2272,0.00738192,0.00237694,6.0,2.0,6.79,2.39648,0.0,1.4928963,0.4195239,89.27298114697139
0,1,569450,2272,0.0116412,0.00425928,8.0,2.0,6.68,2.48079,0.0,1.8035483,0.31065205,89.27298114697139
0,1,569450,2272,0.0167432,0.005102,10.0,2.0,6.51,2.5684,0.0,2.0808806,0.27733222,89.27298114697139
0,1,569450,2272,0.02299325,0.00625005,12.0,2.0,6.605,2.69783,0.0,2.310656,0.2297756,89.27298114697139
0,1,569450,2272,0.03042275,0.0074295,14.0,2.0,6.655,2.57913,0.0,2.5455923,0.23493607,89.27298114697139
0,1,569450,2272,0.03814655,0.0077238,16.0,2.0,6.72,2.526965,0.0,2.7886007,0.2430084,89.27298114697139
0,1,569450,2272,0.04851905,0.0103725,18.0,2.0,6.92,3.073615,0.0,3.0403657,0.251765,89.27298114697139
0,1,569450,2272,0.058495,0.00997595,20.0,2.0,7.115,3.587225,0.0,3.2889407,0.24857509,89.27298114697139
0,1,569450,2272,0.064902,0.006407,22.0,2.0,7.265,3.803475,0.0,3.5287957,0.23985508,89.27298114697139
0,1,569450,2272,0.071159025,0.006257025,24.0,2.0,7.375,3.9655375,0.0,3.751624,0.22282815,89.27298114697139
0,1,569450,2272,0.076066275,0.00490725,26.0,2.0,7.125,3.6399125,0.0,3.9515402,0.19991618,89.27298114697139
0,1,569450,2272,0.080973525,0.0049072499999999,28.0,2.0,6.875,3.3142875,0.0,4.126821,0.17528081,89.27298114697139
0,1,569450,2272,0.085880775,0.00490725,30.0,2.0,6.625,2.9886625,0.0,4.281067,0.15424591,89.27298114697139
0,1,569450,2272,0.090760075,0.0048793,32.0,2.0,6.4,2.678465,0.0,4.421717,0.14065042,89.27298114697139
0,1,569450,2272,0.095387825,0.00462775,34.0,2.0,6.4,2.507115,0.0,4.551615,0.12989807,89.27298114697139
0,1,569450,2272,0.100015575,0.00462775,36.0,2.0,6.4,2.335765,0.0,4.6733875,0.12177217,89.27298114697139
0,1,569450,2272,0.104643325,0.00462775,38.0,2.0,6.4,2.164415,0.0,4.7871804,0.113793015,89.27298114697139
0,1,569450,2272,0.10926555,0.004622225,40.0,2.0,6.3475,1.991975,0.0,4.893799,0.106618434,89.27298114697139
0,1,569450,2272,0.11383805,0.0045724999999999,42.0,2.0,5.8225,1.809725,0.0,4.9932003,0.099401236,89.27298114697139
0,1,569450,2272,0.11841055,0.0045725,44.0,2.0,5.2975,1.627475,0.0,5.08642,0.09321958,89.27298114697139
0,1,569450,2272,0.12298305,0.0045725,46.0,2.0,4.7725,1.445225,0.0,5.1745577,0.08813807,89.27298114697139
0,1,569450,2272,0.12800805,0.005025,48.0,2.0,4.355,1.286205,0.0,5.25746,0.082902044,89.27298114697139
0,1,569450,2272,0.13710555,0.0090974999999999,50.0,2.0,4.905,1.336255,0.0,5.3354836,0.07802343,89.27298114697139
0,1,569450,2272,0.14620305,0.0090975,52.0,2.0,5.455,1.386305,0.0,5.4089155,0.073432,89.27298114697139
0,1,569450,2272,0.15530055,0.0090974999999999,54.0,2.0,6.005,1.436355,0.0,5.477732,0.06881669,89.27298114697139
0,1,569450,2272,0.16435705,0.0090565,56.0,2.0,6.51,1.501405,0.0,5.542222,0.06448981,89.27298114697139
0,1,569450,2272,0.17304455,0.0086875,58.0,2.0,6.61,1.701455,0.0,5.6029067,0.06068477,89.27298114697139
0,1,569450,2272,0.18173205,0.0086874999999999,60.0,2.0,6.71,1.901505,0.0,5.6605673,0.05766049,89.27298114697139
0,1,569450,2272,0.19041955,0.0086875,62.0,2.0,6.81,2.101555,0.0,5.7160206,0.055453658,89.27298114697139
0,1,569450,2272,0.19887805,0.0084585,64.0,2.0,6.91,2.3084975,0.0,5.76994,0.053919226,89.27298114697139
0,1,569450,2272,0.20527555,0.0063975,66.0,2.0,7.01,2.5774725,0.0,5.82271,0.05276981,89.27298114697139
0,1,569450,2272,0.21167305,0.0063974999999999,68.0,2.0,7.11,2.8464475,0.0,5.8745093,0.051799446,89.27298114697139
0,1,569450,2272,0.21807055,0.0063975,70.0,2.0,7.21,3.1154225,0.0,5.9253683,0.050859064,89.27298114697139
0,1,569450,2272,0.22398905,0.0059185,72.0,2.0,7.265,3.3514625,0.0,5.9752865,0.049918354,89.27298114697139
0,1,569450,2272,0.22559655,0.0016074999999999,74.0,2.0,6.915,3.2910875,0.0,6.0239725,0.04868585,89.27298114697139
0,1,569450,2272,0.22720405,0.0016075,76.0,2.0,6.565,3.2307125,0.0,6.0709558,0.046983063,89.27298114697139
0,1,569450,2272,0.22881155,0.0016075,78.0,2.0,6.215,3.1703375,0.0,6.116235,0.045279115,89.27298114697139
0,1,569450,2272,0.2305043,0.0016927499999999,80.0,2.0,5.895,3.11921,0.0,6.160294,0.044059187,89.27298114697139
0,1,569450,2272,0.2329643,0.00246,82.0,2.0,5.845,3.15131,0.0,6.2035375,0.043243557,89.27298114697139
0,1,569450,2272,0.2354243,0.0024599999999999,84.0,2.0,5.795,3.18341,0.0,6.246246,0.042708308,89.27298114697139
0,1,569450,2272,0.2378843,0.0024599999999999,86.0,2.0,5.745,3.21551,0.0,6.288466,0.042220414,89.27298114697139
0,1,569450,2272,0.2400313,0.0021469999999999,88.0,2.0,5.7075,3.2609025,0.0,6.330187,0.04172042,89.27298114697139
0,1,569450,2272,0.2393613,-0.0006699999999999,90.0,2.0,5.7825,3.4259275,0.0,6.3717594,0.041573048,89.27298114697139
0,1,569450,2272,0.2386913,-0.00067,92.0,2.0,5.8575,3.5909525,0.0,6.413537,0.041777372,89.27298114697139
0,1,569450,2272,0.2380213,-0.00067,94.0,2.0,5.9325,3.7559775,0.0,6.455424,0.041886717,89.27298114697139
0,1,569450,2272,0.23672655,-0.00129475,96.0,2.0,5.9925,3.91073,0.0,6.497271,0.0418472,89.27298114697139
0,1,569450,2272,0.22980905,-0.0069174999999999,98.0,2.0,5.9175,3.97303,0.0,6.5388217,0.041550636,89.27298114697139
0,1,569450,2272,0.22289155,-0.0069174999999999,100.0,2.0,5.8425,4.03533,0.0,6.5797906,0.040969074,89.27298114697139
0,1,569450,2272,0.21597405,-0.0069174999999999,102.0,2.0,5.7675,4.09763,0.0,6.6200647,0.040273964,89.27298114697139
0,1,569450,2272,0.20899155,-0.0069825,104.0,2.0,5.6775,4.11222,0.0,6.65945,0.039385527,89.27298114697139
0,1,569450,2272,0.20142405,-0.0075675,106.0,2.0,5.4525,3.69742,0.0,6.69719,0.037739456,89.27298114697139
0,1,569450,2272,0.19385655,-0.0075675,108.0,2.0,5.2275,3.28262,0.0,6.732586,0.035396516,89.27298114697139
0,1,569450,2272,0.18628905,-0.0075675,110.0,2.0,5.0025,2.86782,0.0,6.7657394,0.033153445,89.27298114697139
0,1,569450,2272,0.1788683,-0.00742075,112.0,2.0,4.7875,2.4764025,0.0,6.796694,0.030954331,89.27298114697139
0,1,569450,2272,0.1727683,-0.0061,114.0,2.0,4.6625,2.2954275,0.0,6.8259325,0.02923885,89.27298114697139
0,1,569450,2272,0.1666683,-0.0060999999999999,116.0,2.0,4.5375,2.1144525,0.0,6.8546352,0.028702706,89.27298114697139
0,1,569450,2272,0.1605683,-0.0060999999999999,118.0,2.0,4.4125,1.9334775,0.0,6.883541,0.028905421,89.27298114697139
0,1,569450,2272,0.15483055,-0.0057377499999999,120.0,2.0,4.31,1.80526,0.0,6.9129543,0.029413342,89.27298114697139
0,1,569450,2272,0.15235305,-0.0024774999999999,122.0,2.0,4.41,2.15186,0.0,6.9436407,0.030686647,89.27298114697139
0,1,569450,2272,0.14987555,-0.0024774999999999,124.0,2.0,4.51,2.49846,0.0,6.9764357,0.032794923,89.27298114697139
0,1,569450,2272,0.14739805,-0.0024774999999999,126.0,2.0,4.61,2.84506,0.0,7.011055,0.034619242,89.27298114697139
0,1,569450,2272,0.14498705,-0.002411,128.0,2.0,4.6675,3.119965,0.0,7.0457606,0.03470573,89.27298114697139
0,1,569450,2272,0.14317455,-0.0018124999999999,130.0,2.0,4.3425,2.749615,0.0,7.0801816,0.034420907,89.27298114697139
0,1,569450,2272,0.14136205,-0.0018125,132.0,2.0,4.0175,2.379265,0.0,7.112291,0.03210929,89.27298114697139
0,1,569450,2272,0.13954955,-0.0018124999999999,134.0,2.0,3.6925,2.008915,0.0,7.1415606,0.029269487,89.27298114697139
0,1,569450,2272,0.13823455,-0.001315,136.0,2.0,3.4025,1.6762,0.0,7.17088,0.029319227,89.27298114697139
0,1,569450,2272,0.14139705,0.0031624999999999,138.0,2.0,3.4275,1.6822,0.0,7.201531,0.030651242,89.27298114697139
0,1,569450,2272,0.14455955,0.0031625,140.0,2.0,3.4525,1.6882,0.0,7.2294893,0.027958632,89.27298114697139
0,1,569450,2272,0.14772205,0.0031624999999999,142.0,2.0,3.4775,1.6942,0.0,7.2499413,0.020451665,89.27298114697139
0,1,569450,2272,0.1518258,0.0041037499999999,144.0,2.0,3.465,1.705885,0.0,7.2606,0.010658652,89.27298114697139
0,1,569450,2272,0.1644008,0.012575,146.0,2.0,3.115,1.768735,0.0,7.271157,0.010556996,89.27298114697139
0,1,569450,2272,0.1769758,0.012575,148.0,2.0,2.765,1.831585,0.0,7.288667,0.017510384,89.27298114697139
0,1,569450,2272,0.1895508,0.012575,150.0,2.0,2.415,1.894435,0.0,7.3127823,0.024114966,89.27298114697139
0,1,569450,2272,0.2015543,0.0120035000000001,152.0,2.0,2.0925,1.93968,0.0,7.3376756,0.024893373,89.27298114697139
0,1,569450,2272,0.2084143,0.00686,154.0,2.0,2.0175,1.82648,0.0,7.375454,0.0377782,89.27298114697139
0,1,569450,2272,0.2152743,0.0068599999999999,156.0,2.0,1.9425,1.71328,0.0,7.4118757,0.036422104,89.27298114697139
0,1,569450,2272,0.2221343,0.00686,158.0,2.0,1.8675,1.60008,0.0,7.452377,0.04050082,89.27298114697139
0,1,569450,2272,0.228600833333333,0.0064665333333333,160.0,2.0,1.74933333333334,1.4982,0.0,7.479113,0.026736617,89.27298114697139
0,1,569450,2272,0.231526166666667,0.0029253333333333,162.0,2.0,1.24266666666667,1.4982,0.0,7.5044713,0.025358051,89.27298114697139
0,1,569450,2272,0.2344515,0.0029253333333333,164.0,2.0,0.736000000000003,1.4982,0.0,7.51945,0.014978826,89.27298114697139
0,1,569450,2272,0.237376833333333,0.0029253333333333,166.0,2.0,0.229333333333336,1.4982,0.0,7.5332017,0.013751507,89.27298114697139
0,1,569450,2272,0.2392783,0.0019014666666666,168.0,2.0,-0.1,1.4982,0.0,7.5150576,-0.01814419,89.27298114697139
0,1,569450,2459,2.01248,2.01248,2.0,2.0,11.1,1.5021,0.0,1.938791,1.938791,89.27298114697139
0,1,569450,2459,3.80151967213115,1.78903967213115,4.0,2.0,10.985737704918,1.49025196721311,0.0,3.329635,1.3908439,89.27298114697139
0,1,569450,2459,4.02647704918033,0.224957377049181,6.0,2.0,10.0716393442623,1.39546770491803,0.0,4.256033,0.9263983,89.27298114697139
0,1,569450,2459,4.25143442622951,0.22495737704918,8.0,2.0,9.15754098360656,1.30068344262295,0.0,4.6906176,0.43458462,89.27298114697139
0,1,569450,2459,4.47639180327869,0.22495737704918,10.0,2.0,8.24344262295082,1.20589918032787,0.0,5.0726995,0.38208163,89.27298114697139
0,1,569450,2459,4.70134918032787,0.22495737704918,12.0,2.0,7.32934426229508,1.11111491803279,0.0,5.3028717,0.23017226,89.27298114697139
0,1,569450,2459,4.92630655737705,0.22495737704918,14.0,2.0,6.41524590163934,1.0163306557377,0.0,5.461892,0.15902054,89.27298114697139
0,1,569450,2459,5.15126393442623,0.22495737704918,16.0,2.0,5.50114754098361,0.921546393442623,0.0,5.5994587,0.13756669,89.27298114697139
0,1,569450,2459,5.37622131147541,0.224957377049181,18.0,2.0,4.58704918032787,0.826762131147541,0.0,5.7479844,0.14852548,89.27298114697139
0,1,569450,2459,5.73978,0.36355868852459,20.0,2.0,5.15266666666667,0.993294,0.0,5.9175863,0.16960189,89.27298114697139
0,1,569450,2459,6.24194,0.50216,22.0,2.0,7.198,1.421142,0.0,6.1058865,0.18830031,89.27298114697139
0,1,569450,2459,6.7441,0.50216,24.0,2.0,9.24333333333333,1.84899,0.0,6.307682,0.20179531,89.27298114697139
0,1,569450,2459,7.24626,0.502160000000001,26.0,2.0,11.2886666666667,2.276838,0.0,6.5138497,0.20616767,89.27298114697139
0,1,569450,2459,7.38495161290323,0.138691612903226,28.0,2.0,11.2183870967742,2.19061064516129,0.0024973548387096,6.7082024,0.19435278,89.27298114697139
0,1,569450,2459,7.40248709677419,0.0175354838709678,30.0,2.0,10.4429032258065,1.93302483870968,0.0058271612903225,6.8785443,0.17034206,89.27298114697139
0,1,569450,2459,7.42002258064516,0.0175354838709678,32.0,2.0,9.66741935483871,1.67543903225806,0.0091569677419354,7.021216,0.14267147,89.27298114697139
0,1,569450,2459,7.43755806451613,0.0175354838709678,34.0,2.0,8.89193548387097,1.41785322580645,0.0124867741935484,7.14234,0.121124476,89.27298114697139
0,1,569450,2459,7.4550935483871,0.0175354838709669,36.0,2.0,8.11645161290323,1.16026741935484,0.0158165806451613,7.247403,0.10506278,89.27298114697139
0,1,569450,2459,7.47262903225806,0.0175354838709678,38.0,2.0,7.34096774193548,0.902681612903226,0.0191463870967742,7.342196,0.09479275,89.27298114697139
0,1,569450,2459,7.49016451612903,0.0175354838709678,40.0,2.0,6.56548387096774,0.645095806451613,0.0224761935483871,7.429844,0.087647885,89.27298114697139
0,1,569450,2459,7.5077,0.0175354838709678,42.0,2.0,5.79,0.38751,0.025806,7.511612,0.081768155,89.27298114697139
0,1,569450,2459,7.55269393939394,0.0449939393939394,44.0,2.0,5.96131313131313,0.456470808080808,0.0237206666666667,7.5903153,0.078703254,89.27298114697139
0,1,569450,2459,7.59768787878788,0.0449939393939394,46.0,2.0,6.13262626262626,0.525431616161616,0.0216353333333333,7.666722,0.07640678,89.27298114697139
0,1,569450,2459,7.64268181818182,0.0449939393939394,48.0,2.0,6.30393939393939,0.594392424242424,0.01955,7.7408185,0.07409632,89.27298114697139
0,1,569450,2459,7.68767575757576,0.0449939393939394,50.0,2.0,6.47525252525253,0.663353232323232,0.0174646666666667,7.812225,0.071406394,89.27298114697139
0,1,569450,2459,7.7326696969697,0.0449939393939403,52.0,2.0,6.64656565656566,0.73231404040404,0.0153793333333333,7.880451,0.0682264,89.27298114697139
0,1,569450,2459,7.77766363636364,0.0449939393939394,54.0,2.0,6.81787878787879,0.801274848484848,0.013294,7.9453154,0.06486419,89.27298114697139
0,1,569450,2459,7.82265757575758,0.0449939393939394,56.0,2.0,6.98919191919192,0.870235656565656,0.0112086666666667,8.007217,0.061902434,89.27298114697139
0,1,569450,2459,7.86765151515152,0.0449939393939394,58.0,2.0,7.16050505050505,0.939196464646465,0.0091233333333333,8.066326,0.059108555,89.27298114697139
0,1,569450,2459,7.91264545454545,0.0449939393939394,60.0,2.0,7.33181818181818,1.00815727272727,0.007038,8.122759,0.056432664,89.27298114697139
0,1,569450,2459,7.95763939393939,0.0449939393939394,62.0,2.0,7.50313131313131,1.07711808080808,0.0049526666666666,8.176535,0.05377543,89.27298114697139
0,1,569450,2459,8.00263333333333,0.0449939393939394,64.0,2.0,7.67444444444444,1.14607888888889,0.0028673333333333,8.22764,0.051105857,89.27298114697139
0,1,569450,2459,8.04762727272727,0.0449939393939403,66.0,2.0,7.84575757575758,1.2150396969697,0.0007819999999999,8.27612,0.048479825,89.27298114697139
0,1,569450,2459,8.07396712802768,0.0263398553004084,68.0,2.0,7.93474048442907,1.24899688581315,0.0,8.321979,0.045858204,89.27298114697139
0,1,569450,2459,8.08911453287197,0.0151474048442903,70.0,2.0,7.97432525951557,1.26195190311419,0.0,8.3652115,0.043233544,89.27298114697139
0,1,569450,2459,8.10426193771626,0.0151474048442903,72.0,2.0,8.01391003460208,1.27490692041522,0.0,8.406553,0.041341662,89.27298114697139
0,1,569450,2459,8.11940934256056,0.0151474048442921,74.0,2.0,8.05349480968858,1.28786193771626,0.0,8.446707,0.040153205,89.27298114697139
0,1,569450,2459,8.13455674740485,0.0151474048442903,76.0,2.0,8.09307958477509,1.3008169550173,0.0,8.485867,0.039159894,89.27298114697139
0,1,569450,2459,8.14970415224914,0.0151474048442903,78.0,2.0,8.13266435986159,1.31377197231834,0.0,8.524051,0.03818372,89.27298114697139
0,1,569450,2459,8.16485155709343,0.0151474048442903,80.0,2.0,8.1722491349481,1.32672698961938,0.0,8.561336,0.03728485,89.27298114697139
0,1,569450,2459,8.17999896193772,0.0151474048442903,82.0,2.0,8.2118339100346,1.33968200692042,0.0,8.597724,0.036389112,89.27298114697139
0,1,569450,2459,8.19514636678201,0.0151474048442903,84.0,2.0,8.25141868512111,1.35263702422145,0.0,8.633897,0.03617236,89.27298114697139
0,1,569450,2459,8.2102937716263,0.0151474048442921,86.0,2.0,8.29100346020761,1.36559204152249,0.0,8.670491,0.03659478,89.27298114697139
0,1,569450,2459,8.22544117647059,0.0151474048442903,88.0,2.0,8.33058823529412,1.37854705882353,0.0,8.707167,0.036675304,89.27298114697139
0,1,569450,2459,8.24058858131488,0.0151474048442903,90.0,2.0,8.37017301038062,1.39150207612457,0.0,8.743537,0.03636989,89.27298114697139
0,1,569450,2459,8.25573598615917,0.0151474048442903,92.0,2.0,8.40975778546713,1.40445709342561,0.0,8.779714,0.036177397,89.27298114697139
0,1,569450,2459,8.27088339100346,0.0151474048442903,94.0,2.0,8.44934256055363,1.41741211072664,0.0,8.816424,0.036710292,89.27298114697139
0,1,569450,2459,8.28603079584775,0.0151474048442921,96.0,2.0,8.48892733564014,1.43036712802768,0.0,8.854249,0.03782499,89.27298114697139
0,1,569450,2459,8.30117820069204,0.0151474048442903,98.0,2.0,8.52851211072664,1.44332214532872,0.0,8.893757,0.039507806,89.27298114697139
0,1,569450,2459,8.31632560553633,0.0151474048442903,100.0,2.0,8.56809688581315,1.45627716262976,0.0,8.934402,0.04064578,89.27298114697139
0,1,569450,2459,8.33147301038062,0.0151474048442903,102.0,2.0,8.60768166089965,1.4692321799308,0.0,8.974775,0.040372133,89.27298114697139
0,1,569450,2459,8.34662041522491,0.0151474048442903,104.0,2.0,8.64726643598616,1.48218719723183,0.0,9.013475,0.03870055,89.27298114697139
0,1,569450,2459,8.3617678200692,0.0151474048442903,106.0,2.0,8.68685121107266,1.49514221453287,0.0,9.0513735,0.03789836,89.27298114697139
0,1,569450,2459,8.3769152249135,0.0151474048442921,108.0,2.0,8.72643598615917,1.50809723183391,0.0,9.091275,0.039901584,89.27298114697139
0,1,569450,2459,8.39206262975779,0.0151474048442903,110.0,2.0,8.76602076124567,1.52105224913495,0.0,9.131647,0.040371776,89.27298114697139
0,1,569450,2459,8.40721003460208,0.0151474048442903,112.0,2.0,8.80560553633218,1.53400726643599,0.0,9.166894,0.035247058,89.27298114697139
0,1,569450,2459,8.42235743944637,0.0151474048442903,114.0,2.0,8.84519031141869,1.54696228373702,0.0,9.19706,0.030165344,89.27298114697139
0,1,569450,2459,8.43750484429066,0.0151474048442903,116.0,2.0,8.88477508650519,1.55991730103806,0.0,9.223436,0.026377141,89.27298114697139
0,1,569450,2459,8.45265224913495,0.0151474048442921,118.0,2.0,8.92435986159169,1.5728723183391,0.0,9.246765,0.023328155,89.27298114697139
0,1,569450,2459,8.46779965397924,0.0151474048442903,120.0,2.0,8.9639446366782,1.58582733564014,0.0,9.277687,0.030922353,89.27298114697139
0,1,569450,2459,8.48294705882353,0.0151474048442903,122.0,2.0,9.00352941176471,1.59878235294118,0.0,9.311881,0.034193754,89.27298114697139
0,1,569450,2459,8.49809446366782,0.0151474048442903,124.0,2.0,9.04311418685121,1.61173737024221,0.0,9.347784,0.03590265,89.27298114697139
0,1,569450,2459,8.51324186851211,0.0151474048442903,126.0,2.0,9.08269896193772,1.62469238754325,0.0,9.406162,0.05837837,89.27298114697139
0,1,569450,2459,8.5283892733564,0.0151474048442921,128.0,2.0,9.12228373702422,1.63764740484429,0.0,9.46232,0.056157976,89.27298114697139
0,1,569450,2459,8.54353667820069,0.0151474048442903,130.0,2.0,9.16186851211073,1.65060242214533,0.0,9.518701,0.05638042,89.27298114697139
0,1,569450,2459,8.55868408304498,0.0151474048442903,132.0,2.0,9.20145328719723,1.66355743944637,0.0,9.565542,0.046842247,89.27298114697139
0,1,569450,2459,8.57383148788927,0.0151474048442903,134.0,2.0,9.24103806228374,1.67651245674741,0.0,9.595015,0.029471636,89.27298114697139
0,1,569450,2459,8.58897889273356,0.0151474048442903,136.0,2.0,9.28062283737024,1.68946747404844,0.0,9.633263,0.03824854,89.27298114697139
0,1,569450,2459,8.60412629757785,0.0151474048442903,138.0,2.0,9.32020761245675,1.70242249134948,0.0,9.672753,0.03949049,89.27298114697139
0,1,569450,2459,8.6117,0.007573702422146,140.0,2.0,9.34,1.7089,0.0,9.688859,0.016105235,89.27298114697139
0,1,569450,2464,2.09068911927291,2.09068911927291,2.0,2.0,12.0,6.281,0.039344,0.5513282,0.5513282,89.27298114697139
0,1,569450,2464,4.18137823854583,2.09068911927291,4.0,2.0,12.0,6.281,0.039344,1.0161278,0.46479958,89.27298114697139
0,1,569450,2464,5.35903262772828,1.17765438918245,6.0,2.0,11.5753526842455,6.07997267043878,0.0538060208262095,1.4185524,0.4024247,89.27298114697139
0,1,569450,2464,5.45771840874339,0.0986857810151163,8.0,2.0,10.6488831396737,5.64138353645554,0.0853583734523894,1.6678945,0.24934198,89.27298114697139
0,1,569450,2464,5.55640418975851,0.0986857810151163,10.0,2.0,9.72241359510184,5.20279440247231,0.116910726078569,1.8202367,0.15234226,89.27298114697139
0,1,569450,2464,5.65508997077363,0.0986857810151172,12.0,2.0,8.79594405053001,4.76420526848907,0.148463078704749,1.8615905,0.041353792,89.27298114697139
0,1,569450,2464,5.75377575178874,0.0986857810151163,14.0,2.0,7.86947450595818,4.32561613450583,0.180015431330929,1.8788089,0.017218381,89.27298114697139
0,1,569450,2464,5.85246153280386,0.0986857810151163,16.0,2.0,6.94300496138635,3.88702700052259,0.211567783957109,1.9078296,0.029020786,89.27298114697139
0,1,569450,2464,5.95114731381898,0.0986857810151163,18.0,2.0,6.01653541681452,3.44843786653935,0.243120136583289,1.9451375,0.03730789,89.27298114697139
0,1,569450,2464,6.04983309483409,0.0986857810151163,20.0,2.0,5.09006587224269,3.00984873255611,0.274672489209469,1.9861808,0.04104328,89.27298114697139
0,1,569450,2464,6.1818461625,0.132013067665907,22.0,2.0,5.58518,3.18204975,0.26901452625,2.026425,0.040244073,89.27298114697139
0,1,569450,2464,6.3275711625,0.145725,24.0,2.0,6.66518,3.60554975,0.24804702625,2.0657165,0.03929156,89.27298114697139
0,1,569450,2464,6.4732961625,0.145725000000001,26.0,2.0,7.74518,4.02904975,0.22707952625,2.1043823,0.0386658,89.27298114697139
0,1,569450,2464,6.6190211625,0.145725,28.0,2.0,8.82518,4.45254975,0.20611202625,2.1419156,0.037533402,89.27298114697139
0,1,569450,2464,6.68395204776119,0.0649308852611936,30.0,2.0,8.94204298507463,4.44944286567164,0.187121035044776,2.1770751,0.0351595,89.27298114697139
0,1,569450,2464,6.7156416,0.0316895522388068,32.0,2.0,8.66264,4.270816,0.168943244,2.2085335,0.031458378,89.27298114697139
0,1,569450,2464,6.74733115223881,0.0316895522388059,34.0,2.0,8.38323701492537,4.09218913432836,0.150765452955224,2.236089,0.027555436,89.27298114697139
0,1,569450,2464,6.77902070447761,0.0316895522388059,36.0,2.0,8.10383402985075,3.91356226865672,0.132587661910448,2.2602572,0.024168372,89.27298114697139
0,1,569450,2464,6.81071025671642,0.0316895522388059,38.0,2.0,7.82443104477612,3.73493540298507,0.114409870865672,2.2815087,0.02125132,89.27298114697139
0,1,569450,2464,6.84239980895522,0.0316895522388059,40.0,2.0,7.54502805970149,3.55630853731343,0.0962320798208955,2.300139,0.018630177,89.27298114697139
0,1,569450,2464,6.87408936119403,0.0316895522388059,42.0,2.0,7.26562507462687,3.37768167164179,0.0780542887761194,2.3164783,0.016339302,89.27298114697139
0,1,569450,2464,6.90577891343284,0.0316895522388059,44.0,2.0,6.98622208955224,3.19905480597015,0.0598764977313433,2.3311713,0.014693081,89.27298114697139
0,1,569450,2464,6.93662837052632,0.0308494570934803,46.0,2.0,6.90672,3.12942821052632,0.0476021557052632,2.3452804,0.014109254,89.27298114697139
0,1,569450,2464,6.9657988968421,0.0291705263157889,48.0,2.0,7.22672,3.27763873684211,0.0471258609684211,2.3594487,0.0141681135,89.27298114697139
0,1,569450,2464,6.99496942315789,0.0291705263157898,50.0,2.0,7.54672,3.42584926315789,0.0466495662315789,2.374052,0.014603555,89.27298114697139
0,1,569450,2464,7.02413994947368,0.0291705263157898,52.0,2.0,7.86672,3.57405978947368,0.0461732714947368,2.389535,0.0154827535,89.27298114697139
0,1,569450,2464,7.05331047578947,0.0291705263157889,54.0,2.0,8.18672,3.72227031578947,0.0456969767578947,2.4061048,0.016569853,89.27298114697139
0,1,569450,2464,7.08248100210526,0.0291705263157898,56.0,2.0,8.50672,3.87048084210526,0.0452206820210526,2.423485,0.017380297,89.27298114697139
0,1,569450,2464,7.11165152842105,0.0291705263157898,58.0,2.0,8.82672,4.01869136842105,0.0447443872842105,2.4413502,0.017865181,89.27298114697139
0,1,569450,2464,7.14082205473684,0.0291705263157889,60.0,2.0,9.14672,4.16690189473684,0.0442680925473684,2.4595048,0.018154591,89.27298114697139
0,1,569450,2464,7.16999258105263,0.0291705263157898,62.0,2.0,9.46672,4.31511242105263,0.0437917978105263,2.4779758,0.018471122,89.27298114697139
0,1,569450,2464,7.19916310736842,0.0291705263157898,64.0,2.0,9.78672,4.46332294736842,0.0433155030736842,2.4967535,0.01877746,89.27298114697139
0,1,569450,2464,7.22833363368421,0.0291705263157889,66.0,2.0,10.10672,4.61153347368421,0.0428392083368421,2.5158122,0.019058824,89.27298114697139
0,1,569450,2464,7.25750416,0.0291705263157898,68.0,2.0,10.42672,4.759744,0.0423629136,2.5352137,0.01940158,89.27298114697139
0,1,569450,2464,7.27558169433683,0.0180775343368254,70.0,2.0,10.5783245450858,4.8261738814216,0.0430717381148859,2.5548148,0.019600898,89.27298114697139
0,1,569450,2464,7.28055812691442,0.0049764325775907,72.0,2.0,10.5310498342588,4.79601877001832,0.045180218190973,2.5743594,0.019544631,89.27298114697139
0,1,569450,2464,7.28553455949201,0.0049764325775907,74.0,2.0,10.4837751234318,4.76586365861505,0.0472886982670602,2.5937746,0.0194152,89.27298114697139
0,1,569450,2464,7.2905109920696,0.0049764325775907,76.0,2.0,10.4365004126047,4.73570854721177,0.0493971783431473,2.6130157,0.019241214,89.27298114697139
0,1,569450,2464,7.29548742464719,0.0049764325775907,78.0,2.0,10.3892257017777,4.7055534358085,0.0515056584192344,2.6321816,0.019165993,89.27298114697139
0,1,569450,2464,7.30046385722478,0.0049764325775907,80.0,2.0,10.3419509909507,4.67539832440522,0.0536141384953215,2.6515393,0.019357622,89.27298114697139
0,1,569450,2464,7.30544028980237,0.0049764325775907,82.0,2.0,10.2946762801236,4.64524321300194,0.0557226185714086,2.6716025,0.020063102,89.27298114697139
0,1,569450,2464,7.31041672237996,0.0049764325775907,84.0,2.0,10.2474015692966,4.61508810159867,0.0578310986474957,2.6925423,0.020939887,89.27298114697139
0,1,569450,2464,7.31539315495755,0.0049764325775898,86.0,2.0,10.2001268584696,4.58493299019539,0.0599395787235828,2.714355,0.021812558,89.27298114697139
0,1,569450,2464,7.32036958753514,0.0049764325775907,88.0,2.0,10.1528521476426,4.55477787879212,0.0620480587996699,2.736931,0.022576272,89.27298114697139
0,1,569450,2464,7.32534602011273,0.0049764325775907,90.0,2.0,10.1055774368155,4.52462276738884,0.064156538875757,2.759879,0.022947997,89.27298114697139
0,1,569450,2464,7.33032245269032,0.0049764325775907,92.0,2.0,10.0583027259885,4.49446765598557,0.0662650189518441,2.7827904,0.022911131,89.27298114697139
0,1,569450,2464,7.33529888526791,0.0049764325775907,94.0,2.0,10.0110280151615,4.46431254458229,0.0683734990279312,2.8053243,0.022534043,89.27298114697139
0,1,569450,2464,7.3402753178455,0.0049764325775907,96.0,2.0,9.96375330433445,4.43415743317901,0.0704819791040183,2.8278573,0.02253294,89.27298114697139
0,1,569450,2464,7.34525175042309,0.0049764325775907,98.0,2.0,9.91647859350742,4.40400232177574,0.0725904591801055,2.85111,0.023252636,89.27298114697139
0,1,569450,2464,7.35022818300069,0.0049764325775907,100.0,2.0,9.86920388268039,4.37384721037246,0.0746989392561926,2.8758433,0.024733365,89.27298114697139
0,1,569450,2464,7.35520461557828,0.0049764325775907,102.0,2.0,9.82192917185336,4.34369209896919,0.0768074193322797,2.9016016,0.025758356,89.27298114697139
0,1,569450,2464,7.36018104815587,0.0049764325775907,104.0,2.0,9.77465446102634,4.31353698756591,0.0789158994083668,2.9268043,0.025202543,89.27298114697139
0,1,569450,2464,7.36515748073346,0.0049764325775907,106.0,2.0,9.72737975019931,4.28338187616264,0.0810243794844539,2.9492018,0.022397697,89.27298114697139
0,1,569450,2464,7.37013391331105,0.0049764325775907,108.0,2.0,9.68010503937228,4.25322676475936,0.083132859560541,2.9689999,0.01979807,89.27298114697139
0,1,569450,2464,7.37511034588864,0.0049764325775907,110.0,2.0,9.63283032854525,4.22307165335608,0.0852413396366281,2.9900746,0.021074653,89.27298114697139
0,1,569450,2464,7.38008677846623,0.0049764325775907,112.0,2.0,9.58555561771823,4.19291654195281,0.0873498197127152,3.0131853,0.023110569,89.27298114697139
0,1,569450,2464,7.38506321104382,0.0049764325775907,114.0,2.0,9.5382809068912,4.16276143054953,0.0894582997888023,3.0319188,0.018733501,89.27298114697139
0,1,569450,2464,7.39003964362141,0.0049764325775907,116.0,2.0,9.49100619606417,4.13260631914626,0.0915667798648894,3.047168,0.0152493715,89.27298114697139
0,1,569450,2464,7.395016076199,0.0049764325775898,118.0,2.0,9.44373148523714,4.10245120774298,0.0936752599409765,3.0552773,0.008109212,89.27298114697139
0,1,569450,2464,7.39999250877659,0.0049764325775907,120.0,2.0,9.39645677441012,4.07229609633971,0.0957837400170636,3.0560467,0.00076937675,89.27298114697139
0,1,569450,2464,7.40496894135418,0.0049764325775907,122.0,2.0,9.34918206358309,4.04214098493643,0.0978922200931507,3.0572653,0.0012187064,89.27298114697139
0,1,569450,2464,7.40994537393177,0.0049764325775907,124.0,2.0,9.30190735275606,4.01198587353316,0.100000700169238,3.0662522,0.008986801,89.27298114697139
0,1,569450,2464,7.41492180650936,0.0049764325775907,126.0,2.0,9.25463264192903,3.98183076212988,0.102109180245325,3.0781553,0.011903167,89.27298114697139
0,1,569450,2464,7.41989823908695,0.0049764325775907,128.0,2.0,9.207357931102,3.9516756507266,0.104217660321412,3.1111817,0.033026487,89.27298114697139
0,1,569450,2464,7.42487467166455,0.0049764325775907,130.0,2.0,9.16008322027498,3.92152053932333,0.106326140397499,3.1511722,0.039990395,89.27298114697139
0,1,569450,2464,7.42985110424214,0.0049764325775907,132.0,2.0,9.11280850944795,3.89136542792005,0.108434620473586,3.1858647,0.034692526,89.27298114697139
0,1,569450,2464,7.43482753681973,0.0049764325775907,134.0,2.0,9.06553379862092,3.86121031651678,0.110543100549673,3.208975,0.02311045,89.27298114697139
0,1,569450,2464,7.43980396939732,0.0049764325775907,136.0,2.0,9.01825908779389,3.8310552051135,0.112651580625761,3.2165344,0.007559091,89.27298114697139
0,1,569450,2464,7.44478040197491,0.0049764325775907,138.0,2.0,8.97098437696687,3.80090009371023,0.114760060701848,3.2335463,0.01701203,89.27298114697139
0,1,569450,2464,7.4497568345525,0.0049764325775907,140.0,2.0,8.92370966613984,3.77074498230695,0.116868540777935,3.2440352,0.010488898,89.27298114697139
0,1,569450,2464,7.4512,0.0014431654475011,142.0,2.0,8.91,3.762,0.11748,3.2362978,-0.007737428,89.27298114697139
0,1,569450,2535,4.48979172591136,4.48979172591136,2.0,2.0,14.2857696768013,3.11702005243786,0.0,12.379591,12.379591,89.27298114697139
0,1,569450,2535,7.90473333333333,3.41494160742197,4.0,2.0,16.64,3.80803333333333,0.0,17.649006,5.269415,89.27298114697139
0,1,569450,2535,10.05,2.14526666666667,6.0,2.0,17.94,4.4763,0.0,20.943619,3.2946126,89.27298114697139
0,1,569450,2535,10.8733333333333,0.823333333333332,8.0,2.0,17.9866666666667,4.90303333333333,0.0,21.78329,0.8396723,89.27298114697139
0,1,569450,2535,11.4139600210762,0.54062668774287,10.0,2.0,17.6102107620365,4.97151427254166,0.0,22.24809,0.46479958,89.27298114697139
0,1,569450,2535,11.6718800632286,0.257920042152408,12.0,2.0,16.8106322861095,4.68174281762497,0.0,22.611893,0.36380252,89.27298114697139
0,1,569450,2535,11.929800105381,0.257920042152406,14.0,2.0,16.0110538101824,4.39197136270829,0.0,22.882174,0.27028137,89.27298114697139
0,1,569450,2535,12.1877201475334,0.257920042152408,16.0,2.0,15.2114753342554,4.10219990779161,0.0,23.099733,0.21755902,89.27298114697139
0,1,569450,2535,12.4456401896858,0.257920042152406,18.0,2.0,14.4118968583284,3.81242845287493,0.0,23.313507,0.21377447,89.27298114697139
0,1,569450,2535,12.7035602318382,0.257920042152408,20.0,2.0,13.6123183824014,3.52265699795824,0.0,23.531544,0.21803546,89.27298114697139
0,1,569450,2535,12.9614802739906,0.257920042152406,22.0,2.0,12.8127399064743,3.23288554304156,0.0,23.746178,0.21463528,89.27298114697139
0,1,569450,2535,13.2194003161431,0.257920042152408,24.0,2.0,12.0131614305473,2.94311408812488,0.0,23.952793,0.206615,89.27298114697139
0,1,569450,2535,13.3963692848769,0.176968968733851,26.0,2.0,11.990210182549,2.90828488946575,0.0,24.151417,0.19862333,89.27298114697139
0,1,569450,2535,13.5651852286049,0.168815943728019,28.0,2.0,12.0454773069838,2.89913231870708,0.0,24.343826,0.19240853,89.27298114697139
0,1,569450,2535,13.7340011723329,0.168815943728019,30.0,2.0,12.1007444314185,2.88997974794842,0.0,24.530714,0.18688849,89.27298114697139
0,1,569450,2535,13.902817116061,0.168815943728019,32.0,2.0,12.1560115558533,2.88082717718975,0.0,24.71251,0.18179548,89.27298114697139
0,1,569450,2535,14.071633059789,0.168815943728019,34.0,2.0,12.2112786802881,2.87167460643108,0.0,24.889307,0.17679751,89.27298114697139
0,1,569450,2535,14.240449003517,0.168815943728019,36.0,2.0,12.2665458047228,2.86252203567242,0.0,25.06192,0.17261264,89.27298114697139
0,1,569450,2535,14.409264947245,0.168815943728017,38.0,2.0,12.3218129291576,2.85336946491375,0.0,25.231453,0.16953334,89.27298114697139
0,1,569450,2535,14.578080890973,0.168815943728021,40.0,2.0,12.3770800535924,2.84421689415508,0.0,25.398603,0.16715127,89.27298114697139
0,1,569450,2535,14.7468968347011,0.168815943728017,42.0,2.0,12.4323471780271,2.83506432339642,0.0,25.56332,0.16471514,89.27298114697139
0,1,569450,2535,14.9157127784291,0.168815943728021,44.0,2.0,12.4876143024619,2.82591175263775,0.0,25.724781,0.16146266,89.27298114697139
0,1,569450,2535,15.0845287221571,0.168815943728017,46.0,2.0,12.5428814268967,2.81675918187908,0.0,25.88217,0.15738732,89.27298114697139
0,1,569450,2535,15.2533446658851,0.168815943728021,48.0,2.0,12.5981485513314,2.80760661112042,0.0,26.034967,0.152798,89.27298114697139
0,1,569450,2535,15.3628569718978,0.109512306012713,50.0,2.0,12.5832488755004,2.75822718194198,0.0,26.18229,0.1473226,89.27298114697139
0,1,569450,2535,15.4703137457186,0.107456773820823,52.0,2.0,12.5659171377873,2.70745344365122,0.0,26.322733,0.14044288,89.27298114697139
0,1,569450,2535,15.5777705195395,0.107456773820823,54.0,2.0,12.5485854000743,2.65667970536046,0.0,26.455965,0.13323241,89.27298114697139
0,1,569450,2535,15.6852272933603,0.107456773820822,56.0,2.0,12.5312536623612,2.6059059670697,0.0,26.582218,0.12625247,89.27298114697139
0,1,569450,2535,15.7926840671811,0.107456773820823,58.0,2.0,12.5139219246482,2.55513222877894,0.0,26.702147,0.11992872,89.27298114697139
0,1,569450,2535,15.9001408410019,0.107456773820823,60.0,2.0,12.4965901869352,2.50435849048818,0.0,26.818346,0.11619973,89.27298114697139
0,1,569450,2535,16.0075976148228,0.107456773820823,62.0,2.0,12.4792584492221,2.45358475219742,0.0,26.93492,0.11657283,89.27298114697139
0,1,569450,2535,16.1150543886436,0.107456773820822,64.0,2.0,12.4619267115091,2.40281101390666,0.0,27.052776,0.11785671,89.27298114697139
0,1,569450,2535,16.2225111624644,0.107456773820822,66.0,2.0,12.4445949737961,2.3520372756159,0.0,27.16197,0.10919365,89.27298114697139
0,1,569450,2535,16.3299679362852,0.107456773820825,68.0,2.0,12.427263236083,2.30126353732514,0.0,27.24961,0.08764222,89.27298114697139
0,1,569450,2535,16.4374247101061,0.107456773820822,70.0,2.0,12.40993149837,2.25048979903437,0.0,27.319983,0.07037032,89.27298114697139
0,1,569450,2535,16.5448814839269,0.107456773820822,72.0,2.0,12.392599760657,2.19971606074361,0.0,27.373756,0.05377364,89.27298114697139
0,1,569450,2535,16.6301749460043,0.0852934620774448,74.0,2.0,12.2482721382289,2.27378812095032,0.0,27.422745,0.048989713,89.27298114697139
0,1,569450,2535,16.7115572354212,0.0813822894168474,76.0,2.0,12.0815334773218,2.36989179265659,0.0,27.461363,0.03861773,89.27298114697139
0,1,569450,2535,16.792939524838,0.0813822894168439,78.0,2.0,11.9147948164147,2.46599546436285,0.0,27.496498,0.035135955,89.27298114697139
0,1,569450,2535,16.8743218142549,0.0813822894168474,80.0,2.0,11.7480561555076,2.56209913606911,0.0,27.521624,0.025123805,89.27298114697139
0,1,569450,2535,16.9557041036717,0.0813822894168474,82.0,2.0,11.5813174946004,2.65820280777538,0.0,27.5676,0.045977563,89.27298114697139
0,1,569450,2535,17.0370863930886,0.0813822894168474,84.0,2.0,11.4145788336933,2.75430647948164,0.0,27.610855,0.043255538,89.27298114697139
0,1,569450,2535,17.1184686825054,0.0813822894168439,86.0,2.0,11.2478401727862,2.8504101511879,0.0,27.657223,0.046366453,89.27298114697139
0,1,569450,2535,17.1998509719222,0.0813822894168474,88.0,2.0,11.081101511879,2.94651382289417,0.0,27.704607,0.047383904,89.27298114697139
0,1,569450,2535,17.2812332613391,0.0813822894168474,90.0,2.0,10.9143628509719,3.04261749460043,0.0,27.756287,0.05168006,89.27298114697139
0,1,569450,2535,17.3626155507559,0.0813822894168474,92.0,2.0,10.7476241900648,3.1387211663067,0.0,27.820784,0.064496994,89.27298114697139
0,1,569450,2535,17.4439978401728,0.0813822894168474,94.0,2.0,10.5808855291577,3.23482483801296,0.0,27.887161,0.0663788,89.27298114697139
0,1,569450,2535,17.503,0.0590021598272124,96.0,2.0,10.46,3.3045,0.0,27.908463,0.021299958,89.27298114697139
0,1,569450,2548,5.7258,5.7258,2.0,2.0,10.84,2.9754,0.0,2.9062943,2.9062943,89.27298114697139
0,1,569450,2548,12.1220302488791,6.39623024887907,4.0,2.0,11.188882968354,3.30672308791994,0.0,5.4093122,2.5030177,89.27298114697139
0,1,569450,2548,17.4754211991249,5.35339095024585,6.0,2.0,10.6343743366474,3.50162420776745,0.0,7.2281218,1.8188095,89.27298114697139
0,1,569450,2548,21.7986748050359,4.32325360591102,8.0,2.0,10.1119725776033,3.59232112238137,0.0,7.692921,0.46479958,89.27298114697139
0,1,569450,2548,22.3972199471358,0.598545142099859,10.0,2.0,9.70566091179833,3.30624275811349,0.0,8.157721,0.46479958,89.27298114697139
0,1,569450,2548,22.9957650892357,0.598545142099859,12.0,2.0,9.29934924599332,3.02016439384562,0.0,8.62252,0.46479958,89.27298114697139
0,1,569450,2548,23.5943102313355,0.598545142099859,14.0,2.0,8.8930375801883,2.73408602957774,0.0,9.08732,0.46479958,89.27298114697139
0,1,569450,2548,24.1928553734354,0.598545142099859,16.0,2.0,8.48672591438329,2.44800766530987,0.0,9.552119,0.46479958,89.27298114697139
0,1,569450,2548,24.7914005155352,0.598545142099859,18.0,2.0,8.08041424857827,2.16192930104199,0.0,10.016919,0.46479958,89.27298114697139
0,1,569450,2548,25.3899456576351,0.598545142099862,20.0,2.0,7.67410258277326,1.87585093677412,0.0,10.481719,0.46479958,89.27298114697139
0,1,569450,2548,26.0513710213177,0.661425363682657,22.0,2.0,7.4721031829458,1.75485522011521,0.0,10.946518,0.46479958,89.27298114697139
0,1,569450,2548,26.8295739393685,0.778202918050706,24.0,2.0,7.64954084850523,1.94044156330152,0.0,11.411318,0.46479958,89.27298114697139
0,1,569450,2548,27.6077768574192,0.77820291805071,26.0,2.0,7.82697851406467,2.12602790648783,0.0,11.876118,0.46479958,89.27298114697139
0,1,569450,2548,28.3859797754699,0.77820291805071,28.0,2.0,8.0044161796241,2.31161424967414,0.0,12.340917,0.46479958,89.27298114697139
0,1,569450,2548,29.1641826935206,0.77820291805071,30.0,2.0,8.18185384518353,2.49720059286045,0.0,12.8057165,0.46479958,89.27298114697139
0,1,569450,2548,29.9423856115713,0.778202918050706,32.0,2.0,8.35929151074297,2.68278693604676,0.0,13.265709,0.45999232,89.27298114697139
0,1,569450,2548,30.720588529622,0.77820291805071,34.0,2.0,8.5367291763024,2.86837327923307,0.0,13.717857,0.45214856,89.27298114697139
0,1,569450,2548,31.4987914476727,0.77820291805071,36.0,2.0,8.71416684186183,3.05395962241938,0.0,14.1618395,0.4439822,89.27298114697139
0,1,569450,2548,32.2769943657234,0.77820291805071,38.0,2.0,8.89160450742127,3.23954596560568,0.0,14.597716,0.43587714,89.27298114697139
0,1,569450,2548,33.0551972837741,0.77820291805071,40.0,2.0,9.0690421729807,3.42513230879199,0.0,15.026221,0.42850414,89.27298114697139
0,1,569450,2548,33.8334002018248,0.77820291805071,42.0,2.0,9.24647983854013,3.6107186519783,0.0,15.448133,0.42191276,89.27298114697139
0,1,569450,2548,34.6116031198755,0.778202918050702,44.0,2.0,9.42391750409957,3.79630499516461,0.0,15.864726,0.41659257,89.27298114697139
0,1,569450,2548,35.1923432097804,0.580740089904872,46.0,2.0,9.53392423298552,3.95046899236879,0.0,16.27628,0.41155255,89.27298114697139
0,1,569450,2548,35.5398747469242,0.347531537143745,48.0,2.0,9.56429333437159,4.06752241083943,0.0,16.682678,0.40639973,89.27298114697139
0,1,569450,2548,35.8874062840679,0.347531537143752,50.0,2.0,9.59466243575767,4.18457582931008,0.0,17.083525,0.40084562,89.27298114697139
0,1,569450,2548,36.2349378212117,0.347531537143745,52.0,2.0,9.62503153714375,4.30162924778072,0.0,17.478302,0.39477825,89.27298114697139
0,1,569450,2548,36.5824693583554,0.347531537143745,54.0,2.0,9.65540063852982,4.41868266625136,0.0,17.866615,0.3883134,89.27298114697139
0,1,569450,2548,36.9300008954991,0.347531537143752,56.0,2.0,9.6857697399159,4.53573608472201,0.0,18.248169,0.38155293,89.27298114697139
0,1,569450,2548,37.2775324326429,0.347531537143745,58.0,2.0,9.71613884130198,4.65278950319265,0.0,18.622858,0.3746891,89.27298114697139
0,1,569450,2548,37.6250639697866,0.347531537143745,60.0,2.0,9.74650794268805,4.76984292166329,0.0,18.990938,0.36808085,89.27298114697139
0,1,569450,2548,37.9725955069304,0.347531537143752,62.0,2.0,9.77687704407413,4.88689634013394,0.0,19.352703,0.36176452,89.27298114697139
0,1,569450,2548,38.3201270440741,0.347531537143745,64.0,2.0,9.80724614546021,5.00394975860458,0.0,19.708385,0.3556823,89.27298114697139
0,1,569450,2548,38.6676585812179,0.347531537143745,66.0,2.0,9.83761524684629,5.12100317707522,0.0,20.057253,0.3488676,89.27298114697139
0,1,569450,2548,39.0151901183616,0.347531537143752,68.0,2.0,9.86798434823236,5.23805659554587,0.0,20.39852,0.34126583,89.27298114697139
0,1,569450,2548,39.3627216555054,0.347531537143745,70.0,2.0,9.89835344961844,5.35511001401651,0.0,20.731628,0.33311018,89.27298114697139
0,1,569450,2548,39.6337385138497,0.271016858344353,72.0,2.0,9.94681207497097,5.36237499170675,0.0,21.05655,0.32492024,89.27298114697139
0,1,569450,2548,39.857158649859,0.223420136009288,74.0,2.0,10.0065234698955,5.3013449701443,0.0,21.37331,0.3167604,89.27298114697139
0,1,569450,2548,40.0805787858683,0.223420136009288,76.0,2.0,10.06623486482,5.24031494858185,0.0,21.6814,0.30809134,89.27298114697139
0,1,569450,2548,40.3039989218776,0.223420136009288,78.0,2.0,10.1259462597446,5.17928492701941,0.0,21.982256,0.30085468,89.27298114697139
0,1,569450,2548,40.5274190578869,0.223420136009288,80.0,2.0,10.1856576546691,5.11825490545696,0.0,22.276716,0.2944612,89.27298114697139
0,1,569450,2548,40.7508391938962,0.223420136009288,82.0,2.0,10.2453690495936,5.05722488389451,0.0,22.560558,0.2838412,89.27298114697139
0,1,569450,2548,40.9742593299055,0.223420136009288,84.0,2.0,10.3050804445182,4.99619486233206,0.0,22.840788,0.28022936,89.27298114697139
0,1,569450,2548,41.1976794659147,0.223420136009288,86.0,2.0,10.3647918394427,4.93516484076961,0.0,23.12138,0.2805916,89.27298114697139
0,1,569450,2548,41.421099601924,0.223420136009288,88.0,2.0,10.4245032343672,4.87413481920717,0.0,23.386185,0.26480645,89.27298114697139
0,1,569450,2548,41.6445197379333,0.223420136009288,90.0,2.0,10.4842146292918,4.81310479764472,0.0,23.620356,0.23416935,89.27298114697139
0,1,569450,2548,41.8679398739426,0.223420136009288,92.0,2.0,10.5439260242163,4.75207477608227,0.0,23.838442,0.21808605,89.27298114697139
0,1,569450,2548,42.0913600099519,0.223420136009288,94.0,2.0,10.6036374191408,4.69104475451982,0.0,24.056059,0.21761782,89.27298114697139
0,1,569450,2548,42.19,0.098639990048099,96.0,2.0,10.63,4.6641,0.0,24.230505,0.17444634,89.27298114697139
0,1,569450,2551,9.11205,9.11205,2.0,2.0,11.48,3.27015,0.0,9.011671,9.011671,89.27298114697139
0,1,569450,2551,20.0086666666667,10.8966166666667,4.0,2.0,12.5366666666667,3.12916666666667,0.0,17.399242,8.387572,89.27298114697139
0,1,569450,2551,30.276,10.2673333333333,6.0,2.0,13.69,2.7967,0.0,24.024288,6.6250453,89.27298114697139
0,1,569450,2551,35.638,5.36200000000001,8.0,2.0,14.0966666666667,2.85116666666667,0.0,26.377893,2.353605,89.27298114697139
0,1,569450,2551,38.7876896551724,3.14968965517241,10.0,2.0,13.8213793103448,2.79372413793103,0.0,27.263926,0.8860312,89.27298114697139
0,1,569450,2551,39.7250689655172,0.937379310344831,12.0,2.0,12.8641379310345,2.6243724137931,0.0,27.728725,0.46479958,89.27298114697139
0,1,569450,2551,40.6624482758621,0.937379310344824,14.0,2.0,11.9068965517241,2.45502068965517,0.0,28.149734,0.4210106,89.27298114697139
0,1,569450,2551,41.5998275862069,0.937379310344831,16.0,2.0,10.9496551724138,2.28566896551724,0.0,28.52596,0.37622616,89.27298114697139
0,1,569450,2551,42.5372068965517,0.937379310344824,18.0,2.0,9.99241379310345,2.11631724137931,0.0,28.879105,0.3531435,89.27298114697139
0,1,569450,2551,43.4745862068966,0.937379310344831,20.0,2.0,9.0351724137931,1.94696551724138,0.0,29.21844,0.3393336,89.27298114697139
0,1,569450,2551,44.4119655172414,0.937379310344831,22.0,2.0,8.07793103448276,1.77761379310345,0.0,29.542818,0.32438022,89.27298114697139
0,1,569450,2551,45.2950440528634,0.883078535622055,24.0,2.0,7.43995594713656,1.72361762114537,0.0,29.858788,0.3159689,89.27298114697139
0,1,569450,2551,46.0152202643172,0.72017621145374,26.0,2.0,7.75977973568282,2.01568810572687,0.0,30.172812,0.31402487,89.27298114697139
0,1,569450,2551,46.7353964757709,0.720176211453747,28.0,2.0,8.07960352422907,2.30775859030837,0.0,30.494257,0.32144463,89.27298114697139
0,1,569450,2551,47.4555726872247,0.720176211453747,30.0,2.0,8.39942731277533,2.59982907488987,0.0,30.830452,0.336195,89.27298114697139
0,1,569450,2551,48.1757488986784,0.72017621145374,32.0,2.0,8.71925110132159,2.89189955947137,0.0,31.185833,0.35538015,89.27298114697139
0,1,569450,2551,48.8959251101322,0.720176211453747,34.0,2.0,9.03907488986784,3.18397004405286,0.0,31.555552,0.36971867,89.27298114697139
0,1,569450,2551,49.6161013215859,0.72017621145374,36.0,2.0,9.3588986784141,3.47604052863436,0.0,31.931015,0.37546363,89.27298114697139
0,1,569450,2551,50.3362775330396,0.720176211453747,38.0,2.0,9.67872246696035,3.76811101321586,0.0,32.30471,0.37369764,89.27298114697139
0,1,569450,2551,51.0564537444934,0.720176211453747,40.0,2.0,9.99854625550661,4.06018149779736,0.0,32.669483,0.36477107,89.27298114697139
0,1,569450,2551,51.7766299559471,0.72017621145374,42.0,2.0,10.3183700440529,4.35225198237885,0.0,33.01806,0.34857565,89.27298114697139
0,1,569450,2551,52.4968061674009,0.720176211453747,44.0,2.0,10.6381938325991,4.64432246696035,0.0,33.346184,0.3281244,89.27298114697139
0,1,569450,2551,53.2169823788546,0.72017621145374,46.0,2.0,10.9580176211454,4.93639295154185,0.0,33.652824,0.3066422,89.27298114697139
0,1,569450,2551,53.3805822563744,0.163599877519808,48.0,2.0,10.682630108278,4.75327726161369,0.0,33.939964,0.28713804,89.27298114697139
0,1,569450,2551,53.4823403190127,0.101758062638261,50.0,2.0,10.3411080063647,4.51736310785113,0.0,34.2087,0.26873457,89.27298114697139
0,1,569450,2551,53.584098381651,0.101758062638261,52.0,2.0,9.99958590445143,4.28144895408856,0.0,34.462204,0.25350416,89.27298114697139
0,1,569450,2551,53.6858564442892,0.101758062638254,54.0,2.0,9.65806380253813,4.045534800326,0.0,34.7039,0.24169907,89.27298114697139
0,1,569450,2551,53.7876145069275,0.101758062638261,56.0,2.0,9.31654170062483,3.80962064656343,0.0,34.939945,0.23604587,89.27298114697139
0,1,569450,2551,53.8893725695657,0.101758062638254,58.0,2.0,8.97501959871153,3.57370649280087,0.0,35.1753,0.23535301,89.27298114697139
0,1,569450,2551,53.991130632204,0.101758062638261,60.0,2.0,8.63349749679823,3.3377923390383,0.0,35.412716,0.23741536,89.27298114697139
0,1,569450,2551,54.0928886948422,0.101758062638261,62.0,2.0,8.29197539488493,3.10187818527574,0.0,35.65479,0.24207434,89.27298114697139
0,1,569450,2551,54.1946467574805,0.101758062638254,64.0,2.0,7.95045329297163,2.86596403151318,0.0,35.90042,0.2456314,89.27298114697139
0,1,569450,2551,54.2964048201188,0.101758062638261,66.0,2.0,7.60893119105833,2.63004987775061,0.0,36.14663,0.24620761,89.27298114697139
0,1,569450,2551,54.398162882757,0.101758062638254,68.0,2.0,7.26740908914503,2.39413572398805,0.0,36.386127,0.23949988,89.27298114697139
0,1,569450,2551,54.4999209453953,0.101758062638261,70.0,2.0,6.92588698723173,2.15822157022548,0.0,36.61229,0.22615972,89.27298114697139
0,1,569450,2551,54.6009557384253,0.101034793030003,72.0,2.0,6.59437662285783,1.92548154835617,0.0,36.824173,0.21188289,89.27298114697139
0,1,569450,2551,54.6588792793513,0.0579235409259837,74.0,2.0,6.8596264930292,1.88193902448768,0.0,37.02036,0.19618705,89.27298114697139
0,1,569450,2551,54.7168028202772,0.0579235409259766,76.0,2.0,7.12487636320057,1.83839650061918,0.0,37.20884,0.1884827,89.27298114697139
0,1,569450,2551,54.7747263612032,0.0579235409259766,78.0,2.0,7.39012623337195,1.79485397675069,0.0,37.39398,0.18513569,89.27298114697139
0,1,569450,2551,54.8326499021292,0.0579235409259766,80.0,2.0,7.65537610354332,1.7513114528822,0.0,37.588406,0.19442779,89.27298114697139
0,1,569450,2551,54.8905734430552,0.0579235409259766,82.0,2.0,7.9206259737147,1.7077689290137,0.0,37.762203,0.17379734,89.27298114697139
0,1,569450,2551,54.9484969839811,0.0579235409259766,84.0,2.0,8.18587584388607,1.66422640514521,0.0,37.93068,0.1684776,89.27298114697139
0,1,569450,2551,55.0064205249071,0.0579235409259837,86.0,2.0,8.45112571405744,1.62068388127671,0.0,38.086594,0.15591559,89.27298114697139
0,1,569450,2551,55.0643440658331,0.0579235409259766,88.0,2.0,8.71637558422882,1.57714135740822,0.0,38.259914,0.17332044,89.27298114697139
0,1,569450,2551,55.1222676067591,0.0579235409259766,90.0,2.0,8.98162545440019,1.53359883353973,0.0,38.41669,0.15677634,89.27298114697139
0,1,569450,2551,55.1801911476851,0.0579235409259766,92.0,2.0,9.24687532457157,1.49005630967123,0.0,38.598392,0.18169951,89.27298114697139
0,1,569450,2551,55.238114688611,0.0579235409259766,94.0,2.0,9.51212519474294,1.44651378580274,0.0,38.78467,0.18627939,89.27298114697139
0,1,569450,2551,55.296038229537,0.0579235409259766,96.0,2.0,9.77737506491431,1.40297126193425,0.0,38.97668,0.19200855,89.27298114697139
0,1,569450,2551,55.325,0.0289617704629919,98.0,2.0,9.91,1.3812,0.0,39.101486,0.124807894,89.27298114697139
0,1,569450,2568,6.01554369730513,6.01554369730513,2.0,2.0,13.9730740185176,2.09972925050432,0.0,1.9961257,1.9961257,89.27298114697139
0,1,569450,2568,10.4622081688064,4.44666447150123,4.0,2.0,16.6118539871954,2.40692071196326,0.0,3.4192314,1.4231057,89.27298114697139
0,1,569450,2568,14.8070758113208,4.3448676425144,6.0,2.0,18.46,2.41593723018868,0.0,4.5234313,1.1041999,89.27298114697139
0,1,569450,2568,17.0916041132075,2.28452830188679,8.0,2.0,18.46,2.61201270188679,0.0,4.9438024,0.42037088,89.27298114697139
0,1,569450,2568,18.0142880353653,0.922683922157752,10.0,2.0,17.7139018656205,2.47860454801791,0.0,5.305821,0.36201882,89.27298114697139
0,1,569450,2568,18.3059219497069,0.291633914341553,12.0,2.0,16.6220775671212,2.19252062033505,0.0,5.57696,0.27113914,89.27298114697139
0,1,569450,2568,18.5975558640484,0.291633914341553,14.0,2.0,15.530253268622,1.90643669265218,0.0,5.8136525,0.23669246,89.27298114697139
0,1,569450,2568,18.88918977839,0.291633914341549,16.0,2.0,14.4384289701227,1.62035276496932,0.0,6.0300097,0.21635714,89.27298114697139
0,1,569450,2568,19.1808236927315,0.291633914341553,18.0,2.0,13.3466046716234,1.33426883728645,0.0,6.227801,0.19779089,89.27298114697139
0,1,569450,2568,19.4724576070731,0.291633914341553,20.0,2.0,12.2547803731241,1.04818490960358,0.0,6.4063134,0.17851257,89.27298114697139
0,1,569450,2568,19.7640915214146,0.291633914341553,22.0,2.0,11.1629560746248,0.762100981920717,0.0,6.565574,0.15926108,89.27298114697139
0,1,569450,2568,19.9391526418787,0.175061120464054,24.0,2.0,10.8864774951076,0.717093894324853,0.0,6.70925,0.14367548,89.27298114697139
0,1,569450,2568,20.0753561643836,0.136203522504893,26.0,2.0,10.8817808219178,0.752445753424658,0.0,6.841223,0.13197294,89.27298114697139
0,1,569450,2568,20.2115596868885,0.136203522504893,28.0,2.0,10.877084148728,0.787797612524462,0.0,6.963836,0.12261355,89.27298114697139
0,1,569450,2568,20.3477632093933,0.136203522504893,30.0,2.0,10.8723874755382,0.823149471624266,0.0,7.0786476,0.11481124,89.27298114697139
0,1,569450,2568,20.4839667318982,0.136203522504893,32.0,2.0,10.8676908023483,0.858501330724071,0.0,7.187709,0.10906157,89.27298114697139
0,1,569450,2568,20.6201702544031,0.136203522504893,34.0,2.0,10.8629941291585,0.893853189823875,0.0,7.29202,0.1043109,89.27298114697139
0,1,569450,2568,20.756373776908,0.136203522504893,36.0,2.0,10.8582974559687,0.929205048923679,0.0,7.393212,0.101192,89.27298114697139
0,1,569450,2568,20.8925772994129,0.136203522504893,38.0,2.0,10.8536007827789,0.964556908023483,0.0,7.4920397,0.09882748,89.27298114697139
0,1,569450,2568,21.0287808219178,0.136203522504893,40.0,2.0,10.848904109589,0.999908767123288,0.0,7.588865,0.09682518,89.27298114697139
0,1,569450,2568,21.1649843444227,0.136203522504893,42.0,2.0,10.8442074363992,1.03526062622309,0.0,7.6837797,0.09491485,89.27298114697139
0,1,569450,2568,21.3011878669276,0.136203522504893,44.0,2.0,10.8395107632094,1.0706124853229,0.0,7.7768407,0.09306118,89.27298114697139
0,1,569450,2568,21.4373913894325,0.136203522504893,46.0,2.0,10.8348140900196,1.1059643444227,0.0,7.867935,0.09109473,89.27298114697139
0,1,569450,2568,21.5735949119374,0.136203522504893,48.0,2.0,10.8301174168297,1.14131620352251,0.0,7.957029,0.089093536,89.27298114697139
0,1,569450,2568,21.6608518383359,0.0872569263985383,50.0,2.0,10.9480093057203,1.18862687710975,0.0,8.043839,0.0868105,89.27298114697139
0,1,569450,2568,21.7468537238087,0.0860018854727365,52.0,2.0,11.0690444910744,1.23624418696591,0.0,8.127995,0.08415517,89.27298114697139
0,1,569450,2568,21.8328556092814,0.0860018854727365,54.0,2.0,11.1900796764285,1.28386149682207,0.0,8.209417,0.081422955,89.27298114697139
0,1,569450,2568,21.9188574947541,0.0860018854727365,56.0,2.0,11.3111148617827,1.33147880667822,0.0,8.287661,0.078243494,89.27298114697139
0,1,569450,2568,22.0048593802269,0.0860018854727365,58.0,2.0,11.4321500471368,1.37909611653438,0.0,8.362441,0.07477987,89.27298114697139
0,1,569450,2568,22.0908612656996,0.0860018854727365,60.0,2.0,11.553185232491,1.42671342639054,0.0,8.435101,0.072659194,89.27298114697139
0,1,569450,2568,22.1768631511723,0.0860018854727365,62.0,2.0,11.6742204178451,1.47433073624669,0.0,8.507324,0.07222381,89.27298114697139
0,1,569450,2568,22.2628650366451,0.0860018854727365,64.0,2.0,11.7952556031992,1.52194804610285,0.0,8.580196,0.07287204,89.27298114697139
0,1,569450,2568,22.3488669221178,0.0860018854727365,66.0,2.0,11.9162907885534,1.56956535595901,0.0,8.654509,0.07431275,89.27298114697139
0,1,569450,2568,22.4348688075905,0.0860018854727365,68.0,2.0,12.0373259739075,1.61718266581516,0.0,8.731299,0.07679114,89.27298114697139
0,1,569450,2568,22.5208706930633,0.0860018854727365,70.0,2.0,12.1583611592616,1.66479997567132,0.0,8.811836,0.08053666,89.27298114697139
0,1,569450,2568,22.606872578536,0.0860018854727365,72.0,2.0,12.2793963446158,1.71241728552748,0.0,8.89758,0.085743904,89.27298114697139
0,1,569450,2568,22.6928744640088,0.0860018854727365,74.0,2.0,12.4004315299699,1.76003459538363,0.0,8.990196,0.092615634,89.27298114697139
0,1,569450,2568,22.7788763494815,0.0860018854727365,76.0,2.0,12.521466715324,1.80765190523979,0.0,9.090851,0.10065481,89.27298114697139
0,1,569450,2568,22.8648782349542,0.08600188547274,78.0,2.0,12.6425019006782,1.85526921509595,0.0,9.20001,0.10915935,89.27298114697139
0,1,569450,2568,22.950880120427,0.0860018854727329,80.0,2.0,12.7635370860323,1.9028865249521,0.0,9.317673,0.11766237,89.27298114697139
0,1,569450,2568,23.2286181145082,0.277737994081235,82.0,2.0,12.6831090827855,2.0411780494032,0.0,9.44578,0.12810767,89.27298114697139
0,1,569450,2568,23.6740128933427,0.445394778834494,84.0,2.0,12.4265187974724,2.25875639880002,0.0,9.588877,0.14309648,89.27298114697139
0,1,569450,2568,24.1194076721772,0.445394778834491,86.0,2.0,12.1699285121593,2.47633474819685,0.0,9.753685,0.16480866,89.27298114697139
0,1,569450,2568,24.5648024510117,0.445394778834494,88.0,2.0,11.9133382268462,2.69391309759367,0.0,9.947286,0.1936,89.27298114697139
0,1,569450,2568,25.0101972298462,0.445394778834494,90.0,2.0,11.6567479415332,2.91149144699049,0.0,10.169119,0.22183362,89.27298114697139
0,1,569450,2568,25.4555920086807,0.445394778834494,92.0,2.0,11.4001576562201,3.12906979638731,0.0,10.408555,0.23943563,89.27298114697139
0,1,569450,2568,25.9009867875152,0.445394778834491,94.0,2.0,11.143567370907,3.34664814578413,0.0,10.653277,0.24472281,89.27298114697139
0,1,569450,2568,26.3463815663497,0.445394778834494,96.0,2.0,10.8869770855939,3.56422649518095,0.0,10.916735,0.26345748,89.27298114697139
0,1,569450,2568,26.48,0.133618433650348,98.0,2.0,10.81,3.6295,0.0,11.145259,0.22852366,89.27298114697139
0,1,569450,2783,1.58837539555814,1.58837539555814,2.0,2.0,15.6213059466783,1.69500129191465,0.0,0.5540663,0.5540663,89.27298114697139
0,1,569450,2783,4.00587096774194,2.4174955721838,4.0,2.0,16.9383870967742,2.64253225806452,0.0,1.0188658,0.46479958,89.27298114697139
0,1,569450,2783,6.5458064516129,2.53993548387097,6.0,2.0,17.7125806451613,3.45904838709677,0.0,1.4473884,0.42852253,89.27298114697139
0,1,569450,2783,8.32626545454545,1.78045900293255,8.0,2.0,17.5870909090909,3.63344909090909,0.0,1.7501116,0.3027231,89.27298114697139
0,1,569450,2783,9.21994606240713,0.893680607861677,10.0,2.0,17.0802971768202,3.54988885586924,0.0,1.9924018,0.24229038,89.27298114697139
0,1,569450,2783,9.38765284794453,0.167706785537394,12.0,2.0,16.3189584660016,3.29748667657256,0.0,2.1315174,0.13911548,89.27298114697139
0,1,569450,2783,9.55535963348192,0.167706785537396,14.0,2.0,15.5576197551829,3.04508449727588,0.0,2.2367527,0.10523537,89.27298114697139
0,1,569450,2783,9.72306641901932,0.167706785537394,16.0,2.0,14.7962810443643,2.7926823179792,0.0,2.3280277,0.091275066,89.27298114697139
0,1,569450,2783,9.89077320455671,0.167706785537396,18.0,2.0,14.0349423335456,2.54028013868252,0.0,2.4158006,0.0877727,89.27298114697139
0,1,569450,2783,10.0584799900941,0.167706785537394,20.0,2.0,13.273603622727,2.28787795938583,0.0,2.5030606,0.08726016,89.27298114697139
0,1,569450,2783,10.2261867756315,0.167706785537394,22.0,2.0,12.5122649119083,2.03547578008915,0.0,2.5881708,0.08511019,89.27298114697139
0,1,569450,2783,10.3667009638253,0.140514188193759,24.0,2.0,12.1596870697209,1.91795342762966,0.0,2.669384,0.08121315,89.27298114697139
0,1,569450,2783,10.4751000125172,0.108399048691952,26.0,2.0,12.2898660658405,1.95972753369216,0.0,2.7460053,0.076621294,89.27298114697139
0,1,569450,2783,10.5834990612092,0.10839904869195,28.0,2.0,12.4200450619602,2.00150163975466,0.0,2.8175747,0.0715695,89.27298114697139
0,1,569450,2783,10.6918981099011,0.108399048691952,30.0,2.0,12.5502240580799,2.04327574581717,0.0,2.8844712,0.06689647,89.27298114697139
0,1,569450,2783,10.8002971585931,0.108399048691952,32.0,2.0,12.6804030541995,2.08504985187967,0.0,2.9473596,0.06288841,89.27298114697139
0,1,569450,2783,10.908696207285,0.10839904869195,34.0,2.0,12.8105820503192,2.12682395794217,0.0,3.006876,0.05951631,89.27298114697139
0,1,569450,2783,11.017095255977,0.108399048691952,36.0,2.0,12.9407610464389,2.16859806400467,0.0,3.0635908,0.056714773,89.27298114697139
0,1,569450,2783,11.1254943046689,0.10839904869195,38.0,2.0,13.0709400425585,2.21037217006718,0.0,3.1183586,0.054767907,89.27298114697139
0,1,569450,2783,11.2338933533609,0.108399048691952,40.0,2.0,13.2011190386782,2.25214627612968,0.0,3.1710672,0.052708596,89.27298114697139
0,1,569450,2783,11.3422924020528,0.10839904869195,42.0,2.0,13.3312980347978,2.29392038219218,0.0,3.2215245,0.05045712,89.27298114697139
0,1,569450,2783,11.4506914507448,0.108399048691952,44.0,2.0,13.4614770309175,2.33569448825468,0.0,3.2694817,0.04795721,89.27298114697139
0,1,569450,2783,11.5590904994367,0.108399048691952,46.0,2.0,13.5916560270372,2.37746859431719,0.0,3.3143485,0.04486677,89.27298114697139
0,1,569450,2783,11.6400511247444,0.0809606253076502,48.0,2.0,13.8278527607362,2.39964867075665,0.0,3.3556523,0.041303962,89.27298114697139
0,1,569450,2783,11.6906850715746,0.0506339468302652,50.0,2.0,14.181226993865,2.40017218813906,0.0,3.3931122,0.03745997,89.27298114697139
0,1,569450,2783,11.7413190184049,0.0506339468302652,52.0,2.0,14.5346012269939,2.40069570552147,0.0,3.4272442,0.034131914,89.27298114697139
0,1,569450,2783,11.7919529652352,0.050633946830267,54.0,2.0,14.8879754601227,2.40121922290389,0.0,3.4588268,0.031582624,89.27298114697139
0,1,569450,2783,11.8425869120654,0.0506339468302652,56.0,2.0,15.2413496932515,2.4017427402863,0.0,3.489357,0.030530035,89.27298114697139
0,1,569450,2783,11.8932208588957,0.050633946830267,58.0,2.0,15.5947239263804,2.40226625766871,0.0,3.5177767,0.028419822,89.27298114697139
0,1,569450,2783,11.943854805726,0.0506339468302652,60.0,2.0,15.9480981595092,2.40278977505112,0.0,3.5416248,0.023848057,89.27298114697139
0,1,569450,2783,11.9944887525562,0.0506339468302652,62.0,2.0,16.301472392638,2.40331329243354,0.0,3.561358,0.01973319,89.27298114697139
0,1,569450,2783,12.0451226993865,0.0506339468302652,64.0,2.0,16.6548466257669,2.40383680981595,0.0,3.5808904,0.019532382,89.27298114697139
0,1,569450,2783,12.0957566462168,0.050633946830267,66.0,2.0,17.0082208588957,2.40436032719836,0.0,3.5954597,0.014569402,89.27298114697139
0,1,569450,2783,12.146390593047,0.0506339468302652,68.0,2.0,17.3615950920245,2.40488384458078,0.0,3.598668,0.0032084584,89.27298114697139
0,1,569450,2783,12.1970245398773,0.050633946830267,70.0,2.0,17.7149693251534,2.40540736196319,0.0,3.5986357,-3.2514334e-05,89.27298114697139
0,1,569450,2783,12.2441486432473,0.047124103370022,72.0,2.0,17.9362552737931,2.4240728605054,0.0,3.5941107,-0.0045248866,89.27298114697139
0,1,569450,2783,12.2807432162366,0.0365945729892978,74.0,2.0,17.7612763689657,2.49716430252698,0.0,3.5846934,-0.0094174445,89.27298114697139
0,1,569450,2783,12.3173377892259,0.0365945729892978,76.0,2.0,17.5862974641382,2.57025574454856,0.0,3.5876853,0.0029919744,89.27298114697139
0,1,569450,2783,12.3539323622152,0.036594572989296,78.0,2.0,17.4113185593107,2.64334718657015,0.0,3.5852873,-0.0023980439,89.27298114697139
0,1,569450,2783,12.3905269352045,0.0365945729892978,80.0,2.0,17.2363396544833,2.71643862859173,0.0,3.583764,-0.0015230775,89.27298114697139
0,1,569450,2783,12.4271215081938,0.036594572989296,82.0,2.0,17.0613607496558,2.78953007061331,0.0,3.6014445,0.017680287,89.27298114697139
0,1,569450,2783,12.4637160811831,0.0365945729892978,84.0,2.0,16.8863818448284,2.8626215126349,0.0,3.619908,0.018463522,89.27298114697139
0,1,569450,2783,12.5003106541724,0.036594572989296,86.0,2.0,16.7114029400009,2.93571295465648,0.0,3.63602,0.01611185,89.27298114697139
0,1,569450,2783,12.5369052271617,0.0365945729892978,88.0,2.0,16.5364240351734,3.00880439667807,0.0,3.650128,0.014108032,89.27298114697139
0,1,569450,2783,12.573499800151,0.0365945729892978,90.0,2.0,16.361445130346,3.08189583869965,0.0,3.676691,0.026563197,89.27298114697139
0,1,569450,2783,12.6100943731403,0.036594572989296,92.0,2.0,16.1864662255185,3.15498728072123,0.0,3.6952593,0.018568337,89.27298114697139
0,1,569450,2783,12.6466889461296,0.0365945729892978,94.0,2.0,16.011487320691,3.22807872274282,0.0,3.715973,0.020713478,89.27298114697139
0,1,569450,2783,12.647,0.0003110538704085,96.0,2.0,16.01,3.2287,0.0,3.7211752,0.0052024126,89.27298114697139
0,1,569450,2792,1.40127676819037,1.40127676819037,2.0,2.0,8.46611582854528,2.34791989118829,0.0,1.2880604,1.2880604,89.27298114697139
0,1,569450,2792,2.56982166605894,1.16854489786857,4.0,2.0,9.26685119501442,3.47712037988531,0.0,1.9399424,0.65188193,89.27298114697139
0,1,569450,2792,3.44826499817682,0.878443332117878,6.0,2.0,9.20055358504326,4.18836113965592,0.0,2.385813,0.44587073,89.27298114697139
0,1,569450,2792,3.82757821479519,0.379313216618375,8.0,2.0,8.32428163847565,4.27383319067998,0.0,2.6910937,0.30528063,89.27298114697139
0,1,569450,2792,4.20268860131785,0.375110386522655,10.0,2.0,7.44118945723796,4.35403607544777,0.0,2.9667218,0.27562815,89.27298114697139
0,1,569450,2792,4.48780363721147,0.285115035893626,12.0,2.0,6.89317167949017,4.10491135462812,0.0,3.1505642,0.18384245,89.27298114697139
0,1,569450,2792,4.74805078106785,0.260247143856376,14.0,2.0,6.4377430636512,3.76478545115412,0.0,3.3193176,0.16875336,89.27298114697139
0,1,569450,2792,5.00829792492422,0.260247143856377,16.0,2.0,5.98231444781223,3.42465954768011,0.0,3.4757757,0.15645808,89.27298114697139
0,1,569450,2792,5.2685450687806,0.260247143856376,18.0,2.0,5.52688583197327,3.08453364420611,0.0,3.6375237,0.16174781,89.27298114697139
0,1,569450,2792,5.52879221263698,0.260247143856376,20.0,2.0,5.0714572161343,2.74440774073211,0.0,3.7991745,0.16165107,89.27298114697139
0,1,569450,2792,5.78903935649335,0.260247143856377,22.0,2.0,4.61602860029533,2.4042818372581,0.0,3.9470801,0.14790544,89.27298114697139
0,1,569450,2792,5.9582,0.169160643506645,24.0,2.0,4.39202517854981,2.22811264173022,0.0,4.0884485,0.14136851,89.27298114697139
0,1,569450,2792,5.9582,0.0,26.0,2.0,4.59781140297785,2.35643447524513,0.0,4.216682,0.12823352,89.27298114697139
0,1,569450,2792,5.9582,0.0,28.0,2.0,4.80359762740588,2.48475630876004,0.0,4.3288527,0.112170756,89.27298114697139
0,1,569450,2792,5.9582,0.0,30.0,2.0,5.00938385183392,2.61307814227495,0.0,4.4306054,0.10175252,89.27298114697139
0,1,569450,2792,5.9582,0.0,32.0,2.0,5.21517007626195,2.74139997578986,0.0,4.5152717,0.08466634,89.27298114697139
0,1,569450,2792,5.9582,0.0,34.0,2.0,5.42095630068999,2.86972180930477,0.0,4.600663,0.08539134,89.27298114697139
0,1,569450,2792,5.9582,0.0,36.0,2.0,5.62674252511802,2.99804364281967,0.0,4.7052493,0.1045863,89.27298114697139
0,1,569450,2792,5.9582,0.0,38.0,2.0,5.83252874954606,3.12636547633458,0.0,4.8109765,0.105727255,89.27298114697139
0,1,569450,2792,5.9582,0.0,40.0,2.0,6.0383149739741,3.25468730984949,0.0,4.9015,0.09052372,89.27298114697139
0,1,569450,2792,5.9582,0.0,42.0,2.0,6.24410119840213,3.3830091433644,0.0,4.9841857,0.08268526,89.27298114697139
0,1,569450,2792,5.9582,0.0,44.0,2.0,6.44988742283017,3.51133097687931,0.0,5.087909,0.103723615,89.27298114697139
0,1,569450,2792,5.9582,0.0,46.0,2.0,6.6556736472582,3.63965281039422,0.0,5.1761894,0.08827996,89.27298114697139
0,1,569450,2792,5.9582,0.0,48.0,2.0,6.86145987168624,3.76797464390913,0.0,5.2686987,0.0925093,89.27298114697139
0,1,569450,2792,5.9582,0.0,50.0,2.0,6.87,3.7733,0.0,5.3391395,0.07044116,89.27298114697139
0,1,569450,2794,1.64942110356038,1.64942110356038,2.0,2.0,7.81112321970358,2.85795489802258,0.0,1.9233043,1.9233043,89.27298114697139
0,1,569450,2794,3.44253382997371,1.79311272641333,4.0,2.0,9.37723016247556,4.78354935279445,0.0,3.2323782,1.3090739,89.27298114697139
0,1,569450,2794,4.92894925503944,1.48641542506573,6.0,2.0,11.2716547562867,5.85555097080833,0.0,4.202555,0.97017694,89.27298114697139
0,1,569450,2794,5.7843285621715,0.855379307132063,8.0,2.0,12.7595339237286,5.65142793577651,0.0,4.5375924,0.33503723,89.27298114697139
0,1,569450,2794,6.53557055223558,0.75124199006408,10.0,2.0,14.1803225574195,5.23671125350997,0.0,4.835539,0.29794663,89.27298114697139
0,1,569450,2794,6.96763623588853,0.432065683652947,12.0,2.0,14.2112181258388,5.05907814004895,0.0,5.095155,0.2596157,89.27298114697139
0,1,569450,2794,7.30703783058341,0.339401594694876,14.0,2.0,13.8385963527276,4.9502757401121,0.0,5.3587127,0.26355773,89.27298114697139
0,1,569450,2794,7.64643942527828,0.339401594694877,16.0,2.0,13.4659745796163,4.84147334017526,0.0,5.6390486,0.28033632,89.27298114697139
0,1,569450,2794,7.98584101997316,0.339401594694876,18.0,2.0,13.0933528065051,4.73267094023841,0.0,5.9411616,0.30211282,89.27298114697139
0,1,569450,2794,8.32524261466803,0.339401594694876,20.0,2.0,12.7207310333939,4.62386854030157,0.0,6.374332,0.43317032,89.27298114697139
0,1,569450,2794,8.66464420936291,0.339401594694877,22.0,2.0,12.3481092602826,4.51506614036473,0.0,6.738612,0.3642803,89.27298114697139
0,1,569450,2794,8.8755866492986,0.210942439935685,24.0,2.0,12.266698997996,4.42756580360721,0.0,7.0150523,0.27644026,89.27298114697139
0,1,569450,2794,8.92402753106212,0.0484408817635273,26.0,2.0,12.5536729458918,4.36701269739479,0.0,7.2715044,0.25645185,89.27298114697139
0,1,569450,2794,8.97246841282565,0.0484408817635273,28.0,2.0,12.8406468937876,4.30645959118236,0.0,7.493933,0.22242866,89.27298114697139
0,1,569450,2794,9.02090929458918,0.0484408817635273,30.0,2.0,13.1276208416834,4.24590648496994,0.0,7.666853,0.17291993,89.27298114697139
0,1,569450,2794,9.06935017635271,0.0484408817635273,32.0,2.0,13.4145947895792,4.18535337875752,0.0,7.7782073,0.11135429,89.27298114697139
0,1,569450,2794,9.11779105811623,0.0484408817635256,34.0,2.0,13.701568737475,4.12480027254509,0.0,7.8548036,0.07659626,89.27298114697139
0,1,569450,2794,9.16623193987976,0.0484408817635273,36.0,2.0,13.9885426853707,4.06424716633266,0.0,7.922166,0.06736237,89.27298114697139
0,1,569450,2794,9.21467282164329,0.0484408817635273,38.0,2.0,14.2755166332665,4.00369406012024,0.0,7.9762807,0.054114908,89.27298114697139
0,1,569450,2794,9.26311370340681,0.0484408817635273,40.0,2.0,14.5624905811623,3.94314095390782,0.0,8.024975,0.04869446,89.27298114697139
0,1,569450,2794,9.31155458517034,0.0484408817635273,42.0,2.0,14.8494645290581,3.88258784769539,0.0,8.077419,0.05244431,89.27298114697139
0,1,569450,2794,9.35999546693387,0.0484408817635273,44.0,2.0,15.1364384769539,3.82203474148297,0.0,8.157801,0.08038086,89.27298114697139
0,1,569450,2794,9.4084363486974,0.0484408817635273,46.0,2.0,15.4234124248497,3.76148163527054,0.0,8.226915,0.069114864,89.27298114697139
0,1,569450,2794,9.45687723046092,0.0484408817635256,48.0,2.0,15.7103863727455,3.70092852905812,0.0,8.299015,0.072099775,89.27298114697139
0,1,569450,2794,9.4585,0.0016227695390789,50.0,2.0,15.72,3.6989,0.0,8.352449,0.05343449,89.27298114697139
0,1,569450,2820,0.748324248741547,0.748324248741547,2.0,2.0,12.3200305079575,2.92263717903086,0.0,2.5977883,2.5977883,89.27298114697139
0,1,569450,2820,1.81469491525424,1.06637066651269,4.0,2.0,15.3437288135593,2.70952203389831,0.0,4.444579,1.846791,89.27298114697139
0,1,569450,2820,3.06226692913386,1.24757201387962,6.0,2.0,17.7405511811024,2.69428031496063,0.0,5.956538,1.5119586,89.27298114697139
0,1,569450,2820,3.38094409448819,0.31867716535433,8.0,2.0,18.1625984251969,2.60549291338583,0.0,6.4213376,0.46479958,89.27298114697139
0,1,569450,2820,3.69962125984252,0.318677165354331,10.0,2.0,18.5846456692913,2.51670551181102,0.0,6.8594832,0.43814558,89.27298114697139
0,1,569450,2820,4.01829842519685,0.31867716535433,12.0,2.0,19.0066929133858,2.42791811023622,0.0,7.15568,0.29619712,89.27298114697139
0,1,569450,2820,4.17746824722812,0.15916982203127,14.0,2.0,18.3026806636785,2.45422255248879,0.0,7.3679485,0.21226835,89.27298114697139
0,1,569450,2820,4.30848971455532,0.1310214673272,16.0,2.0,17.3999520327121,2.50083732012267,0.0,7.525994,0.15804505,89.27298114697139
0,1,569450,2820,4.43951118188252,0.1310214673272,18.0,2.0,16.4972234017457,2.54745208775655,0.0,7.6719255,0.14593175,89.27298114697139
0,1,569450,2820,4.57053264920972,0.1310214673272,20.0,2.0,15.5944947707793,2.59406685539042,0.0,7.82245,0.15052468,89.27298114697139
0,1,569450,2820,4.70155411653692,0.131021467327201,22.0,2.0,14.6917661398128,2.6406816230243,0.0,7.9786096,0.15615931,89.27298114697139
0,1,569450,2820,4.83257558386412,0.1310214673272,24.0,2.0,13.7890375088464,2.68729639065817,0.0,8.135941,0.15733123,89.27298114697139
0,1,569450,2820,4.97511117527027,0.142535591406146,26.0,2.0,13.3829205921938,2.74416499370468,0.0,8.290551,0.15461081,89.27298114697139
0,1,569450,2820,5.12955914123215,0.15444796596188,28.0,2.0,13.4905921938089,2.81164209178136,0.0,8.440546,0.14999422,89.27298114697139
0,1,569450,2820,5.28400710719403,0.154447965961881,30.0,2.0,13.598263795424,2.87911918985803,0.0,8.584892,0.1443468,89.27298114697139
0,1,569450,2820,5.43845507315591,0.15444796596188,32.0,2.0,13.705935397039,2.9465962879347,0.0,8.723146,0.13825443,89.27298114697139
0,1,569450,2820,5.59290303911779,0.15444796596188,34.0,2.0,13.8136069986541,3.01407338601138,0.0,8.85548,0.13233331,89.27298114697139
0,1,569450,2820,5.74735100507967,0.15444796596188,36.0,2.0,13.9212786002692,3.08155048408805,0.0,8.982371,0.12689075,89.27298114697139
0,1,569450,2820,5.90179897104155,0.154447965961881,38.0,2.0,14.0289502018843,3.14902758216472,0.0,9.103179,0.12080786,89.27298114697139
0,1,569450,2820,6.05624693700343,0.15444796596188,40.0,2.0,14.1366218034993,3.21650468024139,0.0,9.21586,0.11268115,89.27298114697139
0,1,569450,2820,6.21069490296531,0.154447965961881,42.0,2.0,14.2442934051144,3.28398177831807,0.0,9.317497,0.10163766,89.27298114697139
0,1,569450,2820,6.36514286892719,0.15444796596188,44.0,2.0,14.3519650067295,3.35145887639474,0.0,9.404701,0.08720374,89.27298114697139
0,1,569450,2820,6.51959083488907,0.15444796596188,46.0,2.0,14.4596366083445,3.41893597447141,0.0,9.476504,0.071802944,89.27298114697139
0,1,569450,2820,6.67403880085095,0.15444796596188,48.0,2.0,14.5673082099596,3.48641307254808,0.0,9.540866,0.064361155,89.27298114697139
0,1,569450,2820,6.86253386165377,0.188495060802813,50.0,2.0,14.4845472416759,3.60243099889421,0.0,9.596777,0.05591157,89.27298114697139
0,1,569450,2820,7.0519019248884,0.189368063234632,52.0,2.0,14.3969033869845,3.71969356186264,0.0,9.642296,0.045519173,89.27298114697139
0,1,569450,2820,7.24126998812303,0.189368063234632,54.0,2.0,14.3092595322931,3.83695612483106,0.0,9.6776085,0.035312444,89.27298114697139
0,1,569450,2820,7.43063805135766,0.189368063234632,56.0,2.0,14.2216156776017,3.95421868779948,0.0,9.706534,0.028925478,89.27298114697139
0,1,569450,2820,7.62000611459229,0.189368063234632,58.0,2.0,14.1339718229103,4.07148125076791,0.0,9.733621,0.02708608,89.27298114697139
0,1,569450,2820,7.80937417782692,0.189368063234632,60.0,2.0,14.0463279682189,4.18874381373633,0.0,9.782927,0.049306482,89.27298114697139
0,1,569450,2820,7.99874224106156,0.189368063234632,62.0,2.0,13.9586841135275,4.30600637670475,0.0,9.843478,0.060551316,89.27298114697139
0,1,569450,2820,8.18811030429619,0.189368063234632,64.0,2.0,13.8710402588361,4.42326893967318,0.0,9.898166,0.05468726,89.27298114697139
0,1,569450,2820,8.37747836753082,0.189368063234632,66.0,2.0,13.7833964041447,4.5405315026416,0.0,9.954388,0.05622223,89.27298114697139
0,1,569450,2820,8.56684643076545,0.189368063234632,68.0,2.0,13.6957525494532,4.65779406561003,0.0,10.013545,0.059157223,89.27298114697139
0,1,569450,2820,8.75621449400008,0.189368063234632,70.0,2.0,13.6081086947618,4.77505662857845,0.0,10.071833,0.05828756,89.27298114697139
0,1,569450,2820,8.94558255723472,0.189368063234632,72.0,2.0,13.5204648400704,4.89231919154687,0.0,10.135891,0.06405854,89.27298114697139
0,1,569450,2820,8.9898,0.0442174427652855,74.0,2.0,13.5,4.9197,0.0,10.173614,0.037723094,89.27298114697139
0,1,569450,2828,4.77762345692864,4.77762345692864,2.0,2.0,18.8489563261901,2.26222131055576,0.0,3.7579558,3.7579558,89.27298114697139
0,1,569450,2828,8.46635931487565,3.68873585794701,4.0,2.0,20.747053026748,2.10214542468325,0.0,6.187476,2.4295201,89.27298114697139
0,1,569450,2828,11.2448000201113,2.77844070523564,6.0,2.0,23.1201843534223,1.75073428303278,0.0,8.112129,1.924653,89.27298114697139
0,1,569450,2828,12.3358942895029,1.09109426939158,8.0,2.0,23.8039310479751,1.75452553529118,0.0,8.576928,0.46479958,89.27298114697139
0,1,569450,2828,13.4127805795274,1.07688629002456,10.0,2.0,24.4734526009173,1.76130770167163,0.0,9.030381,0.45345256,89.27298114697139
0,1,569450,2828,13.8045717064035,0.391791126876093,12.0,2.0,23.7455809263128,1.75339832889145,0.0,9.328285,0.297904,89.27298114697139
0,1,569450,2828,13.890720233379,0.0861485269754372,14.0,2.0,22.3942879781027,1.73893459626882,0.0,9.534934,0.2066488,89.27298114697139
0,1,569450,2828,13.9768687603544,0.086148526975439,16.0,2.0,21.0429950298927,1.72447086364619,0.0,9.685006,0.15007243,89.27298114697139
0,1,569450,2828,14.0630172873298,0.0861485269754372,18.0,2.0,19.6917020816826,1.71000713102355,0.0,9.825698,0.14069122,89.27298114697139
0,1,569450,2828,14.1491658143053,0.0861485269754372,20.0,2.0,18.3404091334726,1.69554339840092,0.0,9.971081,0.14538303,89.27298114697139
0,1,569450,2828,14.2353143412807,0.0861485269754372,22.0,2.0,16.9891161852626,1.68107966577829,0.0,10.120089,0.14900827,89.27298114697139
0,1,569450,2828,14.3214628682561,0.086148526975439,24.0,2.0,15.6378232370525,1.66661593315566,0.0,10.269545,0.14945537,89.27298114697139
0,1,569450,2828,14.3951809103289,0.0737180420727483,26.0,2.0,15.6850121734824,1.66348900259976,0.0,10.418045,0.14850074,89.27298114697139
0,1,569450,2828,14.4647554574341,0.0695745471051872,28.0,2.0,16.1983617381257,1.66414100606611,0.0,10.564983,0.1469379,89.27298114697139
0,1,569450,2828,14.5343300045393,0.0695745471051872,30.0,2.0,16.711711302769,1.66479300953246,0.0,10.708809,0.14382616,89.27298114697139
0,1,569450,2828,14.6039045516445,0.0695745471051872,32.0,2.0,17.2250608674122,1.6654450129988,0.0,10.847806,0.13899717,89.27298114697139
0,1,569450,2828,14.6734790987496,0.0695745471051872,34.0,2.0,17.7384104320555,1.66609701646515,0.0,10.980738,0.13293195,89.27298114697139
0,1,569450,2828,14.7430536458548,0.0695745471051872,36.0,2.0,18.2517599966987,1.6667490199315,0.0,11.107557,0.12681922,89.27298114697139
0,1,569450,2828,14.81262819296,0.0695745471051872,38.0,2.0,18.765109561342,1.66740102339785,0.0,11.228646,0.12108925,89.27298114697139
0,1,569450,2828,14.8822027400652,0.0695745471051872,40.0,2.0,19.2784591259852,1.66805302686419,0.0,11.344578,0.11593136,89.27298114697139
0,1,569450,2828,14.9517772871704,0.0695745471051872,42.0,2.0,19.7918086906285,1.66870503033054,0.0,11.45606,0.11148241,89.27298114697139
0,1,569450,2828,15.0213518342756,0.0695745471051872,44.0,2.0,20.3051582552717,1.66935703379689,0.0,11.563645,0.107584596,89.27298114697139
0,1,569450,2828,15.0909263813808,0.0695745471051872,46.0,2.0,20.818507819915,1.67000903726324,0.0,11.666612,0.10296658,89.27298114697139
0,1,569450,2828,15.1605009284859,0.0695745471051872,48.0,2.0,21.3318573845582,1.67066104072958,0.0,11.762153,0.0955407,89.27298114697139
0,1,569450,2828,15.2034943400921,0.042993411606103,50.0,2.0,21.4548559107683,1.69479317079239,0.0,11.845889,0.08373684,89.27298114697139
0,1,569450,2828,15.2311097151387,0.027615375046647,52.0,2.0,21.3520238835676,1.73250930463988,0.0,11.915196,0.06930694,89.27298114697139
0,1,569450,2828,15.2587250901853,0.0276153750466488,54.0,2.0,21.2491918563669,1.77022543848737,0.0,11.966514,0.05131772,89.27298114697139
0,1,569450,2828,15.286340465232,0.027615375046647,56.0,2.0,21.1463598291661,1.80794157233487,0.0,12.0072,0.040686667,89.27298114697139
0,1,569450,2828,15.3139558402786,0.027615375046647,58.0,2.0,21.0435278019654,1.84565770618236,0.0,12.040826,0.033625484,89.27298114697139
0,1,569450,2828,15.3415712153253,0.0276153750466488,60.0,2.0,20.9406957747647,1.88337384002985,0.0,12.066654,0.02582857,89.27298114697139
0,1,569450,2828,15.3691865903719,0.027615375046647,62.0,2.0,20.837863747564,1.92108997387735,0.0,12.086392,0.01973772,89.27298114697139
0,1,569450,2828,15.3968019654186,0.027615375046647,64.0,2.0,20.7350317203632,1.95880610772484,0.0,12.101217,0.014825106,89.27298114697139
0,1,569450,2828,15.4244173404652,0.0276153750466488,66.0,2.0,20.6321996931625,1.99652224157234,0.0,12.109914,0.008696526,89.27298114697139
0,1,569450,2828,15.4520327155119,0.027615375046647,68.0,2.0,20.5293676659618,2.03423837541983,0.0,12.138351,0.028437257,89.27298114697139
0,1,569450,2828,15.4796480905585,0.027615375046647,70.0,2.0,20.426535638761,2.07195450926732,0.0,12.1779,0.03954956,89.27298114697139
0,1,569450,2828,15.5072634656052,0.0276153750466488,72.0,2.0,20.3237036115603,2.10967064311482,0.0,12.215366,0.037465304,89.27298114697139
0,1,569450,2828,15.5365202156334,0.0292567500282477,74.0,2.0,21.1061455525607,2.10175121293801,0.0,12.261048,0.04568231,89.27298114697139
0,1,569450,2828,15.5669901558655,0.0304699402320399,76.0,2.0,22.5429204265792,2.06010114848236,0.0,12.29755,0.036502242,89.27298114697139
0,1,569450,2828,15.5974600960975,0.0304699402320399,78.0,2.0,23.9796953005977,2.01845108402672,0.0,12.337393,0.0398418,89.27298114697139
0,1,569450,2828,15.6279300363295,0.0304699402320399,80.0,2.0,25.4164701746162,1.97680101957108,0.0,12.389525,0.052132964,89.27298114697139
0,1,569450,2828,15.649,0.0210699636704561,82.0,2.0,26.41,1.948,0.0,12.416152,0.026626825,89.27298114697139
0,1,569450,2848,5.08172350243902,5.08172350243902,2.0,2.0,22.2417380487805,2.71390504390244,0.0,3.605795,3.605795,89.27298114697139
0,1,569450,2848,7.50689706875,2.42517356631098,4.0,2.0,24.01166125,2.799164840625,0.0,5.556261,1.9504659,89.27298114697139
0,1,569450,2848,8.18277206875,0.675875,6.0,2.0,24.33666125,2.658727340625,0.0,6.9835277,1.4272668,89.27298114697139
0,1,569450,2848,8.39791579612136,0.215143727371359,8.0,2.0,23.4723698129095,2.5156227376786,0.0,7.4337707,0.45024318,89.27298114697139
0,1,569450,2848,8.5421675657185,0.144251769597139,10.0,2.0,22.4250840723101,2.37210775201958,0.0,7.821568,0.3877972,89.27298114697139
0,1,569450,2848,8.57868519327188,0.0365176275533781,12.0,2.0,21.5052531133754,2.50406060973637,0.0,8.057801,0.23623294,89.27298114697139
0,1,569450,2848,8.61146863173217,0.0327834384602941,14.0,2.0,20.5898398835517,2.6455614992722,0.0,8.220693,0.16289145,89.27298114697139
0,1,569450,2848,8.64425207019246,0.0327834384602941,16.0,2.0,19.674426653728,2.78706238880802,0.0,8.358338,0.1376462,89.27298114697139
0,1,569450,2848,8.67703550865276,0.0327834384602959,18.0,2.0,18.7590134239043,2.92856327834385,0.0,8.503717,0.14537868,89.27298114697139
0,1,569450,2848,8.70981894711305,0.0327834384602941,20.0,2.0,17.8436001940805,3.07006416787967,0.0,8.6615305,0.1578131,89.27298114697139
0,1,569450,2848,8.74260238557335,0.0327834384602941,22.0,2.0,16.9281869642568,3.21156505741549,0.0,8.8249035,0.16337293,89.27298114697139
0,1,569450,2848,8.81809795326775,0.0754955676943982,24.0,2.0,17.3177626493324,3.4372078092059,0.0,8.987496,0.16259345,89.27298114697139
0,1,569450,2848,8.90539591531975,0.087297962052002,26.0,2.0,18.0679383345046,3.68610099262122,0.0,9.146696,0.15919977,89.27298114697139
0,1,569450,2848,8.99269387737175,0.0872979620520038,28.0,2.0,18.8181140196767,3.93499417603654,0.0,9.2986145,0.15191767,89.27298114697139
0,1,569450,2848,9.07999183942375,0.087297962052002,30.0,2.0,19.5682897048489,4.18388735945186,0.0,9.427905,0.12929049,89.27298114697139
0,1,569450,2848,9.16728980147576,0.0872979620520038,32.0,2.0,20.3184653900211,4.43278054286718,0.0,9.537913,0.11000839,89.27298114697139
0,1,569450,2848,9.2466,0.0793101985242437,34.0,2.0,20.9222635212015,4.65546154896458,0.0,9.621652,0.083738744,89.27298114697139
0,1,569450,2848,9.2466,0.0,36.0,2.0,20.0726845179398,4.61788284912387,0.0,9.690446,0.06879422,89.27298114697139
0,1,569450,2848,9.2466,0.0,38.0,2.0,19.223105514678,4.58030414928317,0.0,9.742186,0.051739186,89.27298114697139
0,1,569450,2848,9.2466,0.0,40.0,2.0,18.3735265114162,4.54272544944246,0.0,9.777417,0.03523177,89.27298114697139
0,1,569450,2848,9.2466,0.0,42.0,2.0,17.5239475081544,4.50514674960176,0.0,9.808916,0.03149897,89.27298114697139
0,1,569450,2848,9.2466,0.0,44.0,2.0,16.6743685048927,4.46756804976106,0.0,9.859996,0.051080167,89.27298114697139
0,1,569450,2848,9.2466,0.0,46.0,2.0,15.8247895016309,4.42998934992035,0.0,9.921339,0.061342686,89.27298114697139
0,1,569450,2848,9.2466,0.0,48.0,2.0,15.7273684210526,4.41231578947368,0.0,9.9756365,0.05429727,89.27298114697139
0,1,569450,2848,9.2466,0.0,50.0,2.0,16.3821052631579,4.41454736842105,0.0,10.025849,0.0502131,89.27298114697139
0,1,569450,2848,9.2466,0.0,52.0,2.0,17.0368421052632,4.41677894736842,0.0,10.088149,0.062300175,89.27298114697139
0,1,569450,2848,9.2466,0.0,54.0,2.0,17.6915789473684,4.41901052631579,0.0,10.150792,0.062642425,89.27298114697139
0,1,569450,2848,9.2466,0.0,56.0,2.0,18.3463157894737,4.42124210526316,0.0,10.222735,0.07194367,89.27298114697139
0,1,569450,2848,9.2466,0.0,58.0,2.0,18.51,4.4218,0.0,10.262538,0.039802015,89.27298114697139
0,1,569450,2851,6.95780578417767,6.95780578417767,2.0,2.0,28.0047210046854,3.01018297998049,0.0,13.137405,13.137405,89.27298114697139
0,1,569450,2851,9.13021798529412,2.17241220111645,4.0,2.0,29.6296297058824,3.32840653823529,0.0,17.249294,4.111888,89.27298114697139
0,1,569450,2851,10.0216885735294,0.891470588235293,6.0,2.0,31.2590414705882,3.61258300882353,0.0,20.169884,2.920591,89.27298114697139
0,1,569450,2851,10.3497381483476,0.328049574818152,8.0,2.0,31.0334830654052,3.26724717842217,0.0,20.634684,0.46479958,89.27298114697139
0,1,569450,2851,10.4815228828552,0.131784734507601,10.0,2.0,30.1617552495962,2.70262394431198,0.0,21.084106,0.44942236,89.27298114697139
0,1,569450,2851,10.5534282304527,0.0719053475975109,12.0,2.0,28.6810279835391,2.42319948148148,0.0,21.380453,0.29634655,89.27298114697139
0,1,569450,2851,10.6095599176955,0.0561316872427984,14.0,2.0,27.0398757201646,2.21890318518519,0.0,21.585463,0.20500973,89.27298114697139
0,1,569450,2851,10.6656916049383,0.0561316872427966,16.0,2.0,25.3987234567901,2.01460688888889,0.0,21.775557,0.19009301,89.27298114697139
0,1,569450,2851,10.7218232921811,0.0561316872427984,18.0,2.0,23.7575711934156,1.81031059259259,0.0,21.942703,0.16714793,89.27298114697139
0,1,569450,2851,10.7779549794239,0.0561316872427984,20.0,2.0,22.1164189300412,1.6060142962963,0.0,22.083603,0.14089894,89.27298114697139
0,1,569450,2851,10.8340866666667,0.0561316872427984,22.0,2.0,20.4752666666667,1.401718,0.0,22.176044,0.09244189,89.27298114697139
0,1,569450,2851,10.8945822222222,0.0604955555555566,24.0,2.0,21.7104933333333,1.6090483,0.0,22.223711,0.047667325,89.27298114697139
0,1,569450,2851,10.9568044444444,0.0622222222222213,26.0,2.0,24.0838266666667,1.9792483,0.0,22.237947,0.014235795,89.27298114697139
0,1,569450,2851,11.0190266666667,0.0622222222222231,28.0,2.0,26.45716,2.3494483,0.0,22.226192,-0.011755884,89.27298114697139
0,1,569450,2851,11.0812488888889,0.0622222222222231,30.0,2.0,28.8304933333333,2.7196483,0.0,22.17951,-0.046681046,89.27298114697139
0,1,569450,2851,11.13,0.0487511111111107,32.0,2.0,30.4812793220339,2.95540033220339,0.0,22.125618,-0.053892434,89.27298114697139
0,1,569450,2851,11.13,0.0,34.0,2.0,29.5172115254237,2.70459355254237,0.0,22.097155,-0.028464437,89.27298114697139
0,1,569450,2851,11.13,0.0,36.0,2.0,28.5531437288136,2.45378677288136,0.0,22.09372,-0.0034344494,89.27298114697139
0,1,569450,2851,11.13,0.0,38.0,2.0,27.5890759322034,2.20297999322034,0.0,22.088081,-0.00563702,89.27298114697139
0,1,569450,2851,11.13,0.0,40.0,2.0,26.6250081355932,1.95217321355932,0.0,22.079624,-0.00845772,89.27298114697139
0,1,569450,2851,11.13,0.0,42.0,2.0,25.660940338983,1.7013664338983,0.0,22.06988,-0.00974521,89.27298114697139
0,1,569450,2851,11.13,0.0,44.0,2.0,24.6968725423729,1.45055965423729,0.0,22.087067,0.017188042,89.27298114697139
0,1,569450,2851,11.13,0.0,46.0,2.0,23.7328047457627,1.19975287457627,0.0,22.105171,0.01810354,89.27298114697139
0,1,569450,2851,11.13,0.0,48.0,2.0,23.58,1.16,0.0,22.083458,-0.02171266,89.27298114697139
0,1,569450,2852,2.88805362470413,2.88805362470413,2.0,2.0,28.1880888424066,3.25377469587714,0.0,1.3582878,1.3582878,89.27298114697139
0,1,569450,2852,4.17628094154881,1.28822731684467,4.0,2.0,29.9680872317278,3.41467131836614,0.0,1.8230875,0.46479958,89.27298114697139
0,1,569450,2852,4.86771896380129,0.691438022252483,6.0,2.0,31.7284130008246,3.76572673813518,0.0,2.2598948,0.43680748,89.27298114697139
0,1,569450,2852,4.9538224130577,0.086103449256405,8.0,2.0,30.3407484289248,2.83479717348651,0.0,2.5379586,0.27806368,89.27298114697139
0,1,569450,2852,5.01920439957318,0.0653819865154794,10.0,2.0,28.9228350980875,2.10644732824428,0.0,2.702555,0.16459632,89.27298114697139
0,1,569450,2852,5.02242199786588,0.0032175982927027,12.0,2.0,27.4141754904375,1.98583664122137,0.0,2.7399411,0.03738618,89.27298114697139
0,1,569450,2852,5.02563959615858,0.0032175982927027,14.0,2.0,25.9055158827875,1.86522595419847,0.0,2.7501113,0.010170221,89.27298114697139
0,1,569450,2852,5.02885719445128,0.0032175982927036,16.0,2.0,24.3968562751375,1.74461526717557,0.0,2.7722058,0.022094429,89.27298114697139
0,1,569450,2852,5.03207479274399,0.0032175982927027,18.0,2.0,22.8881966674875,1.62400458015267,0.0,2.7898238,0.01761797,89.27298114697139
0,1,569450,2852,5.03529239103669,0.0032175982927027,20.0,2.0,21.3795370598375,1.50339389312977,0.0,2.8012087,0.011385053,89.27298114697139
0,1,569450,2852,5.05865431111111,0.0233619200744215,22.0,2.0,20.4886388888889,1.45738556666667,0.0,2.7959023,-0.0053064525,89.27298114697139
0,1,569450,2852,5.18896542222222,0.13031111111111,24.0,2.0,22.8775277777778,1.80745223333333,0.0,2.7814257,-0.014476478,89.27298114697139
0,1,569450,2852,5.31927653333333,0.130311111111111,26.0,2.0,25.2664166666667,2.1575189,0.0,2.757164,-0.024261743,89.27298114697139
0,1,569450,2852,5.44958764444444,0.130311111111111,28.0,2.0,27.6553055555556,2.50758556666667,0.0,2.7214115,-0.035752654,89.27298114697139
0,1,569450,2852,5.57989875555556,0.13031111111111,30.0,2.0,30.0441944444444,2.85765223333333,0.0,2.6840959,-0.037315667,89.27298114697139
0,1,569450,2852,5.6244,0.0445012444444446,32.0,2.0,30.2151545150502,2.82174995317726,0.0,2.6640801,-0.020015508,89.27298114697139
0,1,569450,2852,5.6244,0.0,34.0,2.0,29.2358903010033,2.58568306354515,0.0,2.6581802,-0.0059000254,89.27298114697139
0,1,569450,2852,5.6244,0.0,36.0,2.0,28.2566260869565,2.34961617391304,0.0,2.6451292,-0.013050884,89.27298114697139
0,1,569450,2852,5.6244,0.0,38.0,2.0,27.2773618729097,2.11354928428094,0.0,2.6303988,-0.014730662,89.27298114697139
0,1,569450,2852,5.6244,0.0,40.0,2.0,26.2980976588629,1.87748239464883,0.0,2.631767,0.001368463,89.27298114697139
0,1,569450,2852,5.6244,0.0,42.0,2.0,25.3188334448161,1.64141550501672,0.0,2.6228864,-0.008880764,89.27298114697139
0,1,569450,2852,5.6244,0.0,44.0,2.0,24.3395692307692,1.40534861538462,0.0,2.6282086,0.0053222477,89.27298114697139
0,1,569450,2852,5.6244,0.0,46.0,2.0,23.54,1.2126,0.0,2.601916,-0.026292622,89.27298114697139
0,1,569450,2856,5.07607898938808,5.07607898938808,2.0,2.0,17.1192561737578,4.0634390012893,0.0,2.9479933,2.9479933,89.27298114697139
0,1,569450,2856,7.12756334405145,2.05148435466337,4.0,2.0,17.1403865150661,3.48297943448139,0.0,4.6201735,1.6721804,89.27298114697139
0,1,569450,2856,8.33013569131833,1.20257234726688,6.0,2.0,17.1204972320748,2.69158486425564,0.0,5.614468,0.9942946,89.27298114697139
0,1,569450,2856,8.503556545961,0.173420854642675,8.0,2.0,15.3442339832869,1.93099637883008,0.0,6.036743,0.4222749,89.27298114697139
0,1,569450,2856,8.6505889007928,0.147032354831797,10.0,2.0,13.5229355046068,1.17119779301478,0.0,6.3889213,0.3521782,89.27298114697139
0,1,569450,2856,8.7850306325866,0.134441731793798,12.0,2.0,12.7003345504786,0.961534303759992,0.0,6.589837,0.20091575,89.27298114697139
0,1,569450,2856,8.91243613934669,0.127405506760091,14.0,2.0,12.4358521661897,1.05931186223231,0.0,6.7269998,0.13716245,89.27298114697139
0,1,569450,2856,9.03984164610678,0.127405506760089,16.0,2.0,12.1713697819007,1.15708942070463,0.0,6.8516064,0.12460697,89.27298114697139
0,1,569450,2856,9.16724715286687,0.127405506760091,18.0,2.0,11.9068873976118,1.25486697917695,0.0,6.9849224,0.13331613,89.27298114697139
0,1,569450,2856,9.29465265962696,0.127405506760091,20.0,2.0,11.6424050133228,1.35264453764926,0.0,7.1345153,0.14959252,89.27298114697139
0,1,569450,2856,9.45611493287332,0.161462273246361,22.0,2.0,12.1061644041101,1.63085866646666,0.0,7.2982697,0.1637547,89.27298114697139
0,1,569450,2856,9.64274959873997,0.186634665866645,24.0,2.0,13.1081894547364,2.0424389559739,0.0,7.471075,0.1728054,89.27298114697139
0,1,569450,2856,9.82938426460661,0.186634665866647,26.0,2.0,14.1102145053626,2.45401924548114,0.0,7.6480217,0.17694664,89.27298114697139
0,1,569450,2856,10.0160189304733,0.186634665866647,28.0,2.0,15.1122395559889,2.86559953498837,0.0,7.8246984,0.17667648,89.27298114697139
0,1,569450,2856,10.2026535963399,0.186634665866647,30.0,2.0,16.1142646066152,3.27717982449561,0.0,7.996554,0.17185536,89.27298114697139
0,1,569450,2856,10.3892882622066,0.186634665866647,32.0,2.0,17.1162896572414,3.68876011400285,0.0,8.16055,0.16399664,89.27298114697139
0,1,569450,2856,10.5759229280732,0.186634665866647,34.0,2.0,18.1183147078677,4.10034040351009,0.0,8.31472,0.15416998,89.27298114697139
0,1,569450,2856,10.6084223414634,0.0324994133902123,36.0,2.0,17.9423248780488,3.94745431219512,0.0,8.455221,0.14050063,89.27298114697139
0,1,569450,2856,10.6253979512195,0.0169756097560967,38.0,2.0,17.6476907317073,3.73771772682927,0.0,8.580538,0.12531722,89.27298114697139
0,1,569450,2856,10.6423735609756,0.0169756097560985,40.0,2.0,17.3530565853659,3.52798114146341,0.0,8.691871,0.111332834,89.27298114697139
0,1,569450,2856,10.6593491707317,0.0169756097560967,42.0,2.0,17.0584224390244,3.31824455609756,0.0,8.793257,0.101385504,89.27298114697139
0,1,569450,2856,10.6763247804878,0.0169756097560985,44.0,2.0,16.7637882926829,3.10850797073171,0.0,8.885879,0.0926218,89.27298114697139
0,1,569450,2856,10.723427398147,0.0471026176592186,46.0,2.0,16.6847845612332,3.00608648298742,0.0,8.97156,0.08568114,89.27298114697139
0,1,569450,2856,10.778854836752,0.0554274386050082,48.0,2.0,16.6653647287292,2.93331875227576,0.0,9.051026,0.07946649,89.27298114697139
0,1,569450,2856,10.834282275357,0.05542743860501,50.0,2.0,16.6459448962253,2.86055102156411,0.0,9.124788,0.07376227,89.27298114697139
0,1,569450,2856,10.8897097139621,0.0554274386050082,52.0,2.0,16.6265250637213,2.78778329085245,0.0,9.193675,0.068886966,89.27298114697139
0,1,569450,2856,10.9451371525671,0.0554274386050082,54.0,2.0,16.6071052312174,2.71501556014079,0.0,9.258444,0.06476861,89.27298114697139
0,1,569450,2856,11.0005645911721,0.05542743860501,56.0,2.0,16.5876853987134,2.64224782942914,0.0,9.321,0.062556565,89.27298114697139
0,1,569450,2856,11.0559920297771,0.0554274386050082,58.0,2.0,16.5682655662095,2.56948009871748,0.0,9.382006,0.061004877,89.27298114697139
0,1,569450,2856,11.1114194683821,0.0554274386050082,60.0,2.0,16.5488457337055,2.49671236800583,0.0,9.440267,0.058261245,89.27298114697139
0,1,569450,2856,11.1668469069871,0.0554274386050082,62.0,2.0,16.5294259012016,2.42394463729417,0.0,9.4939165,0.05365011,89.27298114697139
0,1,569450,2856,11.2222743455921,0.05542743860501,64.0,2.0,16.5100060686977,2.35117690658251,0.0,9.541572,0.047655195,89.27298114697139
0,1,569450,2856,11.2777017841971,0.0554274386050082,66.0,2.0,16.4905862361937,2.27840917587086,0.0,9.581984,0.040411413,89.27298114697139
0,1,569450,2856,11.3331292228021,0.0554274386050082,68.0,2.0,16.4711664036898,2.2056414451592,0.0,9.613132,0.031149,89.27298114697139
0,1,569450,2856,11.365,0.0318707771978808,70.0,2.0,16.5367823073628,2.19486373865981,0.0,9.640849,0.027716696,89.27298114697139
0,1,569450,2856,11.365,0.0,72.0,2.0,16.7174465599813,2.26795488844761,0.0,9.664799,0.02395001,89.27298114697139
0,1,569450,2856,11.365,0.0,74.0,2.0,16.8981108125998,2.34104603823541,0.0,9.6817,0.016901016,89.27298114697139
0,1,569450,2856,11.365,0.0,76.0,2.0,17.0787750652182,2.41413718802321,0.0,9.701912,0.020211965,89.27298114697139
0,1,569450,2856,11.365,0.0,78.0,2.0,17.2594393178367,2.487228337811,0.0,9.719842,0.017929643,89.27298114697139
0,1,569450,2856,11.365,0.0,80.0,2.0,17.4401035704552,2.5603194875988,0.0,9.735051,0.015209138,89.27298114697139
0,1,569450,2856,11.365,0.0,82.0,2.0,17.6207678230736,2.6334106373866,0.0,9.770931,0.035880834,89.27298114697139
0,1,569450,2856,11.365,0.0,84.0,2.0,17.8014320756921,2.7065017871744,0.0,9.81295,0.042018294,89.27298114697139
0,1,569450,2856,11.365,0.0,86.0,2.0,17.9820963283106,2.77959293696219,0.0,9.853623,0.04067391,89.27298114697139
0,1,569450,2856,11.365,0.0,88.0,2.0,18.162760580929,2.85268408674999,0.0,9.894662,0.04103774,89.27298114697139
0,1,569450,2856,11.365,0.0,90.0,2.0,18.3434248335475,2.92577523653779,0.0,9.931418,0.036756724,89.27298114697139
0,1,569450,2856,11.365,0.0,92.0,2.0,18.5240890861659,2.99886638632558,0.0,9.9671,0.035681576,89.27298114697139
0,1,569450,2856,11.365,0.0,94.0,2.0,18.7047533387844,3.07195753611338,0.0,10.012029,0.044928998,89.27298114697139
0,1,569450,2856,11.365,0.0,96.0,2.0,18.78,3.1024,0.0,10.038522,0.026492625,89.27298114697139
0,1,569450,3134,3.63123333333333,3.63123333333333,2.0,2.0,14.9666666666667,3.66666666666667,0.0,8.802709,8.802709,89.27298114697139
0,1,569450,3134,7.32854827586207,3.69731494252874,4.0,2.0,15.4034482758621,4.40689655172414,0.0,12.5760355,3.7733269,89.27298114697139
0,1,569450,3134,11.1675185185185,3.83897024265645,6.0,2.0,15.5592592592593,4.78518518518518,0.0,15.317105,2.7410698,89.27298114697139
0,1,569450,3134,12.5378888888889,1.37037037037037,8.0,2.0,14.7444444444444,4.48888888888889,0.0,16.896894,1.5797887,89.27298114697139
0,1,569450,3134,13.6371913043478,1.09930241545894,10.0,2.0,14.5486956521739,4.46086956521739,0.0,18.279049,1.3821547,89.27298114697139
0,1,569450,3134,14.6203217391304,0.983130434782607,12.0,2.0,14.6182608695652,4.54782608695652,0.0,19.378279,1.09923,89.27298114697139
0,1,569450,3134,15.603452173913,0.983130434782609,14.0,2.0,14.6878260869565,4.63478260869565,0.0,20.679398,1.3011197,89.27298114697139
0,1,569450,3134,16.5865826086957,0.983130434782607,16.0,2.0,14.7573913043478,4.72173913043478,0.0,21.937683,1.2582841,89.27298114697139
0,1,569450,3134,17.5697130434783,0.983130434782609,18.0,2.0,14.8269565217391,4.80869565217391,0.0,22.896847,0.9591647,89.27298114697139
0,1,569450,3134,18.5528434782609,0.983130434782609,20.0,2.0,14.8965217391304,4.89565217391304,0.0,23.62953,0.73268265,89.27298114697139
0,1,569450,3134,18.9784136546185,0.425570176357606,22.0,2.0,14.7626506024096,4.87710843373494,0.0,24.323359,0.6938286,89.27298114697139
0,1,569450,3134,19.3746385542169,0.396224899598394,24.0,2.0,14.6180722891566,4.85301204819277,0.0,25.0629,0.7395413,89.27298114697139
0,1,569450,3134,19.7708634538153,0.396224899598391,26.0,2.0,14.4734939759036,4.8289156626506,0.0,25.891897,0.8289978,89.27298114697139
0,1,569450,3134,20.1670883534137,0.396224899598394,28.0,2.0,14.3289156626506,4.80481927710843,0.0,26.75327,0.86137223,89.27298114697139
0,1,569450,3134,20.563313253012,0.396224899598394,30.0,2.0,14.1843373493976,4.78072289156627,0.0,27.487202,0.7339326,89.27298114697139
0,1,569450,3134,20.9595381526104,0.396224899598394,32.0,2.0,14.0397590361446,4.7566265060241,0.0,27.952002,0.46479958,89.27298114697139
0,1,569450,3134,21.3557630522088,0.396224899598394,34.0,2.0,13.8951807228916,4.73253012048193,0.0,28.416801,0.46479958,89.27298114697139
0,1,569450,3134,21.7519879518072,0.396224899598394,36.0,2.0,13.7506024096386,4.70843373493976,0.0,28.864378,0.44757715,89.27298114697139
0,1,569450,3134,22.1482128514056,0.396224899598394,38.0,2.0,13.6060240963855,4.68433734939759,0.0,29.295258,0.43087986,89.27298114697139
0,1,569450,3134,22.544437751004,0.396224899598391,40.0,2.0,13.4614457831325,4.66024096385542,0.0,29.724722,0.42946273,89.27298114697139
0,1,569450,3134,22.9406626506024,0.396224899598394,42.0,2.0,13.3168674698795,4.63614457831325,0.0,30.159838,0.435117,89.27298114697139
0,1,569450,3134,23.3368875502008,0.396224899598394,44.0,2.0,13.1722891566265,4.61204819277108,0.0,30.582182,0.42234313,89.27298114697139
0,1,569450,3134,23.535,0.198112449799197,46.0,2.0,13.1,4.6,0.0,30.900578,0.3183968,89.27298114697139
0,1,569450,3144,0.60761,0.60761,2.0,2.0,17.4571428571429,1.61428571428571,0.0,3.1473129,3.1473129,89.27298114697139
0,1,569450,3144,0.687919677419355,0.0803096774193549,4.0,2.0,20.3741935483871,2.15806451612903,0.0,3.7002482,0.5529355,89.27298114697139
0,1,569450,3144,0.764139032258065,0.0762193548387097,6.0,2.0,21.9225806451613,2.6741935483871,0.0,4.110858,0.41060978,89.27298114697139
0,1,569450,3144,0.880183,0.116043967741935,8.0,2.0,21.506,2.814,0.0,4.5013976,0.39053965,89.27298114697139
0,1,569450,3144,0.998323,0.11814,10.0,2.0,20.986,2.934,0.0,4.8003225,0.29892492,89.27298114697139
0,1,569450,3144,1.07305963302752,0.0747366330275229,12.0,2.0,20.2128440366972,2.86788990825688,0.0,4.968277,0.16795444,89.27298114697139
0,1,569450,3144,1.09474770642202,0.0216880733944955,14.0,2.0,19.1302752293578,2.5743119266055,0.0,5.08815,0.11987272,89.27298114697139
0,1,569450,3144,1.11643577981651,0.0216880733944953,16.0,2.0,18.0477064220183,2.28073394495413,0.0,5.194075,0.10592532,89.27298114697139
0,1,569450,3144,1.13812385321101,0.0216880733944955,18.0,2.0,16.9651376146789,1.98715596330275,0.0,5.2944975,0.10042253,89.27298114697139
0,1,569450,3144,1.1598119266055,0.0216880733944953,20.0,2.0,15.8825688073394,1.69357798165138,0.0,5.382783,0.08828509,89.27298114697139
0,1,569450,3144,1.1815,0.0216880733944955,22.0,2.0,14.8,1.4,0.0,5.456081,0.07329789,89.27298114697139
0,1,569450,3144,1.21393137254902,0.0324313725490195,24.0,2.0,14.6666666666667,1.49411764705882,0.0,5.518127,0.06204614,89.27298114697139
0,1,569450,3144,1.24636274509804,0.0324313725490197,26.0,2.0,14.5333333333333,1.58823529411765,0.0,5.5754128,0.057285756,89.27298114697139
0,1,569450,3144,1.27879411764706,0.0324313725490195,28.0,2.0,14.4,1.68235294117647,0.0,5.632523,0.057110548,89.27298114697139
0,1,569450,3144,1.31122549019608,0.0324313725490197,30.0,2.0,14.2666666666667,1.77647058823529,0.0,5.6928816,0.060358554,89.27298114697139
0,1,569450,3144,1.3436568627451,0.0324313725490195,32.0,2.0,14.1333333333333,1.87058823529412,0.0,5.7571945,0.06431261,89.27298114697139
0,1,569450,3144,1.37608823529412,0.0324313725490197,34.0,2.0,14.0,1.96470588235294,0.0,5.8243814,0.06718716,89.27298114697139
0,1,569450,3144,1.40851960784314,0.0324313725490195,36.0,2.0,13.8666666666667,2.05882352941176,0.0,5.8933434,0.06896186,89.27298114697139
0,1,569450,3144,1.44095098039216,0.0324313725490195,38.0,2.0,13.7333333333333,2.15294117647059,0.0,5.9622073,0.06886411,89.27298114697139
0,1,569450,3144,1.47338235294118,0.0324313725490197,40.0,2.0,13.6,2.24705882352941,0.0,6.02924,0.067032784,89.27298114697139
0,1,569450,3144,1.5058137254902,0.0324313725490195,42.0,2.0,13.4666666666667,2.34117647058824,0.0,6.093165,0.06392461,89.27298114697139
0,1,569450,3144,1.53824509803922,0.0324313725490197,44.0,2.0,13.3333333333333,2.43529411764706,0.0,6.153878,0.06071323,89.27298114697139
0,1,569450,3144,1.57067647058824,0.0324313725490195,46.0,2.0,13.2,2.52941176470588,0.0,6.2118235,0.05794552,89.27298114697139
0,1,569450,3144,1.59996428571429,0.0292878151260505,48.0,2.0,13.0978991596639,2.57268907563025,0.0,6.2672377,0.05541426,89.27298114697139
0,1,569450,3144,1.61982142857143,0.0198571428571428,50.0,2.0,13.0894957983193,2.46344537815126,0.0,6.3204465,0.053208858,89.27298114697139
0,1,569450,3144,1.63967857142857,0.0198571428571428,52.0,2.0,13.0810924369748,2.35420168067227,0.0,6.3717585,0.051312,89.27298114697139
0,1,569450,3144,1.65953571428571,0.019857142857143,54.0,2.0,13.0726890756303,2.24495798319328,0.0,6.422108,0.050349474,89.27298114697139
0,1,569450,3144,1.67939285714286,0.0198571428571428,56.0,2.0,13.0642857142857,2.13571428571429,0.0,6.4728594,0.050751,89.27298114697139
0,1,569450,3144,1.69925,0.0198571428571428,58.0,2.0,13.0558823529412,2.02647058823529,0.0,6.5251884,0.052329153,89.27298114697139
0,1,569450,3144,1.71910714285714,0.0198571428571428,60.0,2.0,13.0474789915966,1.9172268907563,0.0,6.5800962,0.05490783,89.27298114697139
0,1,569450,3144,1.73896428571429,0.019857142857143,62.0,2.0,13.0390756302521,1.80798319327731,0.0,6.6376486,0.05755225,89.27298114697139
0,1,569450,3144,1.75882142857143,0.0198571428571428,64.0,2.0,13.0306722689076,1.69873949579832,0.0,6.697539,0.059890658,89.27298114697139
0,1,569450,3144,1.77867857142857,0.0198571428571428,66.0,2.0,13.022268907563,1.58949579831933,0.0,6.7596664,0.062127262,89.27298114697139
0,1,569450,3144,1.79853571428571,0.019857142857143,68.0,2.0,13.0138655462185,1.48025210084034,0.0,6.823853,0.06418678,89.27298114697139
0,1,569450,3144,1.81839285714286,0.0198571428571428,70.0,2.0,13.0054621848739,1.37100840336134,0.0,6.8895864,0.06573331,89.27298114697139
0,1,569450,3144,1.83458055555556,0.0161876984126983,72.0,2.0,13.0333333333333,1.30277777777778,0.0,6.9565268,0.06694019,89.27298114697139
0,1,569450,3144,1.84395357142857,0.0093730158730158,74.0,2.0,13.1285714285714,1.31071428571429,0.0,7.0242567,0.06773019,89.27298114697139
0,1,569450,3144,1.85332658730159,0.0093730158730158,76.0,2.0,13.2238095238095,1.31865079365079,0.0,7.0920935,0.06783691,89.27298114697139
0,1,569450,3144,1.8626996031746,0.0093730158730158,78.0,2.0,13.3190476190476,1.3265873015873,0.0,7.158902,0.06680855,89.27298114697139
0,1,569450,3144,1.87207261904762,0.009373015873016,80.0,2.0,13.4142857142857,1.33452380952381,0.0,7.2231646,0.06426245,89.27298114697139
0,1,569450,3144,1.88144563492063,0.0093730158730158,82.0,2.0,13.5095238095238,1.34246031746032,0.0,7.2839565,0.06079167,89.27298114697139
0,1,569450,3144,1.89081865079365,0.0093730158730158,84.0,2.0,13.6047619047619,1.35039682539683,0.0,7.3422265,0.058269918,89.27298114697139
0,1,569450,3144,1.90019166666667,0.0093730158730158,86.0,2.0,13.7,1.35833333333333,0.0,7.402021,0.059794813,89.27298114697139
0,1,569450,3144,1.90956468253968,0.0093730158730158,88.0,2.0,13.7952380952381,1.36626984126984,0.0,7.4670563,0.065035194,89.27298114697139
0,1,569450,3144,1.9189376984127,0.0093730158730158,90.0,2.0,13.8904761904762,1.37420634920635,0.0,7.533061,0.06600493,89.27298114697139
0,1,569450,3144,1.92831071428571,0.0093730158730158,92.0,2.0,13.9857142857143,1.38214285714286,0.0,7.598116,0.06505486,89.27298114697139
0,1,569450,3144,1.93768373015873,0.0093730158730158,94.0,2.0,14.0809523809524,1.39007936507937,0.0,7.648344,0.05022803,89.27298114697139
0,1,569450,3144,1.94705674603175,0.0093730158730158,96.0,2.0,14.1761904761905,1.39801587301587,0.0,7.7016325,0.05328828,89.27298114697139
0,1,569450,3144,1.9494,0.0023432539682539,98.0,2.0,14.2,1.4,0.0,7.726877,0.025244683,89.27298114697139
0,1,569450,3168,24.907,24.907,2.0,2.0,10.2666666666667,4.1,0.0,27.484018,27.484018,89.27298114697139
0,1,569450,3168,36.7936666666667,11.8866666666667,4.0,2.0,11.2333333333333,4.73333333333333,0.0,39.782597,12.298578,89.27298114697139
0,1,569450,3168,45.863,9.06933333333333,6.0,2.0,11.7,5.2,0.0,47.618256,7.8356586,89.27298114697139
0,1,569450,3168,49.413,3.55,8.0,2.0,10.8666666666667,5.64444444444444,0.0,51.772476,4.1542206,89.27298114697139
0,1,569450,3168,52.3904308943089,2.97743089430895,10.0,2.0,10.0829268292683,5.91869918699187,0.0,55.10339,3.3309135,89.27298114697139
0,1,569450,3168,53.0775853658537,0.687154471544716,12.0,2.0,9.49756097560975,5.51219512195122,0.0,56.450123,1.346735,89.27298114697139
0,1,569450,3168,53.7647398373984,0.687154471544716,14.0,2.0,8.91219512195122,5.10569105691057,0.0,57.292282,0.8421585,89.27298114697139
0,1,569450,3168,54.4518943089431,0.687154471544716,16.0,2.0,8.32682926829268,4.69918699186992,0.0,57.757084,0.46479958,89.27298114697139
0,1,569450,3168,55.1390487804878,0.687154471544716,18.0,2.0,7.74146341463415,4.29268292682927,0.0,58.22188,0.46479958,89.27298114697139
0,1,569450,3168,55.8262032520325,0.687154471544716,20.0,2.0,7.15609756097561,3.88617886178862,0.0,58.68668,0.46479958,89.27298114697139
0,1,569450,3168,56.5016639004149,0.675460648382419,22.0,2.0,6.60165975103734,3.49958506224066,0.0,59.15148,0.46479958,89.27298114697139
0,1,569450,3168,56.9549419087137,0.453278008298753,24.0,2.0,6.63485477178423,3.49128630705394,0.0,59.61628,0.46479958,89.27298114697139
0,1,569450,3168,57.4082199170124,0.453278008298753,26.0,2.0,6.66804979253112,3.48298755186722,0.0,60.08108,0.46479958,89.27298114697139
0,1,569450,3168,57.8614979253112,0.45327800829876,28.0,2.0,6.70124481327801,3.4746887966805,0.0,60.54588,0.46479958,89.27298114697139
0,1,569450,3168,58.31477593361,0.453278008298753,30.0,2.0,6.7344398340249,3.46639004149378,0.0,61.01068,0.46479958,89.27298114697139
0,1,569450,3168,58.7680539419087,0.453278008298753,32.0,2.0,6.76763485477178,3.45809128630705,0.0,61.47548,0.46479958,89.27298114697139
0,1,569450,3168,59.2213319502075,0.45327800829876,34.0,2.0,6.80082987551867,3.44979253112033,0.0,61.940277,0.46479958,89.27298114697139
0,1,569450,3168,59.6746099585062,0.453278008298753,36.0,2.0,6.83402489626556,3.44149377593361,0.0,62.40508,0.46479958,89.27298114697139
0,1,569450,3168,60.127887966805,0.45327800829876,38.0,2.0,6.86721991701245,3.43319502074689,0.0,62.869877,0.46479958,89.27298114697139
0,1,569450,3168,60.5811659751037,0.453278008298753,40.0,2.0,6.90041493775934,3.42489626556017,0.0,63.315586,0.4457101,89.27298114697139
0,1,569450,3168,61.0344439834025,0.453278008298753,42.0,2.0,6.93360995850622,3.41659751037344,0.0,63.72944,0.41385064,89.27298114697139
0,1,569450,3168,61.4877219917012,0.45327800829876,44.0,2.0,6.96680497925311,3.40829875518672,0.0,64.10503,0.3755879,89.27298114697139
0,1,569450,3168,61.941,0.453278008298753,46.0,2.0,7.0,3.4,0.0,64.44321,0.3381794,89.27298114697139
0,1,569450,3168,62.4394426229508,0.498442622950819,48.0,2.0,7.31967213114754,3.4327868852459,0.0,64.746284,0.30307657,89.27298114697139
0,1,569450,3168,62.9378852459016,0.498442622950819,50.0,2.0,7.63934426229508,3.4655737704918,0.0,65.020485,0.27420604,89.27298114697139
0,1,569450,3168,63.4363278688525,0.498442622950819,52.0,2.0,7.95901639344262,3.4983606557377,0.0,65.27964,0.25915065,89.27298114697139
0,1,569450,3168,63.9347704918033,0.498442622950826,54.0,2.0,8.27868852459016,3.53114754098361,0.0,65.53244,0.2528038,89.27298114697139
0,1,569450,3168,64.4332131147541,0.498442622950812,56.0,2.0,8.5983606557377,3.56393442622951,0.0,65.79013,0.257684,89.27298114697139
0,1,569450,3168,64.9316557377049,0.498442622950819,58.0,2.0,8.91803278688525,3.59672131147541,0.0,66.06002,0.26989052,89.27298114697139
0,1,569450,3168,65.4300983606557,0.498442622950819,60.0,2.0,9.23770491803279,3.62950819672131,0.0,66.34415,0.2841305,89.27298114697139
0,1,569450,3168,65.9285409836066,0.498442622950833,62.0,2.0,9.55737704918033,3.66229508196721,0.0,66.640854,0.29670668,89.27298114697139
0,1,569450,3168,66.4269836065574,0.498442622950819,64.0,2.0,9.87704918032787,3.69508196721311,0.0,66.94442,0.3035637,89.27298114697139
0,1,569450,3168,66.9254262295082,0.498442622950819,66.0,2.0,10.1967213114754,3.72786885245902,0.0,67.24897,0.3045507,89.27298114697139
0,1,569450,3168,67.423868852459,0.498442622950819,68.0,2.0,10.516393442623,3.76065573770492,0.0,67.53967,0.29070377,89.27298114697139
0,1,569450,3168,67.9223114754098,0.498442622950819,70.0,2.0,10.8360655737705,3.79344262295082,0.0,67.79949,0.25982162,89.27298114697139
0,1,569450,3168,68.2650597609562,0.342748285546335,72.0,2.0,10.7852589641434,3.84462151394422,0.0,68.03287,0.23337486,89.27298114697139
0,1,569450,3168,68.5688844621514,0.303824701195225,74.0,2.0,10.6418326693227,3.9003984063745,0.0,68.23595,0.2030802,89.27298114697139
0,1,569450,3168,68.8727091633466,0.303824701195211,76.0,2.0,10.498406374502,3.95617529880478,0.0,68.41763,0.18168709,89.27298114697139
0,1,569450,3168,69.1765338645418,0.303824701195225,78.0,2.0,10.3549800796813,4.01195219123506,0.0,68.590256,0.1726208,89.27298114697139
0,1,569450,3168,69.480358565737,0.303824701195211,80.0,2.0,10.2115537848606,4.06772908366534,0.0,68.73637,0.14611202,89.27298114697139
0,1,569450,3168,69.7841832669323,0.303824701195225,82.0,2.0,10.0681274900398,4.12350597609562,0.0,68.88881,0.15243965,89.27298114697139
0,1,569450,3168,70.0880079681275,0.303824701195211,84.0,2.0,9.92470119521912,4.1792828685259,0.0,69.03119,0.14238074,89.27298114697139
0,1,569450,3168,70.3918326693227,0.303824701195225,86.0,2.0,9.78127490039841,4.23505976095618,0.0,69.19051,0.15932697,89.27298114697139
0,1,569450,3168,70.6956573705179,0.303824701195211,88.0,2.0,9.63784860557769,4.29083665338645,0.0,69.33337,0.14284778,89.27298114697139
0,1,569450,3168,70.9994820717131,0.303824701195225,90.0,2.0,9.49442231075697,4.34661354581673,0.0,69.49417,0.16080874,89.27298114697139
0,1,569450,3168,71.3033067729084,0.303824701195211,92.0,2.0,9.35099601593626,4.40239043824701,0.0,69.66827,0.17409584,89.27298114697139
0,1,569450,3168,71.6071314741036,0.303824701195225,94.0,2.0,9.20756972111554,4.45816733067729,0.0,69.84437,0.17609665,89.27298114697139
0,1,569450,3168,71.835,0.227868525896412,96.0,2.0,9.1,4.5,0.0,69.96079,0.11642593,89.27298114697139
0,1,569450,3183,0.678250909090909,0.678250909090909,2.0,2.0,11.7,3.45454545454545,0.0,5.2189984,5.2189984,89.27298114697139
0,1,569450,3183,1.18045625,0.502205340909091,4.0,2.0,12.175,4.03125,0.0,8.340351,3.121353,89.27298114697139
0,1,569450,3183,1.18864375,0.0081875,6.0,2.0,11.425,4.46875,0.0,10.789408,2.4490564,89.27298114697139
0,1,569450,3183,1.34294,0.15429625,8.0,2.0,12.08,3.96,0.0,11.254208,0.46479958,89.27298114697139
0,1,569450,3183,1.55985428571429,0.216914285714286,10.0,2.0,13.3371428571429,3.04571428571429,0.0,11.672566,0.41835907,89.27298114697139
0,1,569450,3183,1.75322201834862,0.193367732634338,12.0,2.0,13.0165137614679,3.0348623853211,0.0,11.967541,0.29497445,89.27298114697139
0,1,569450,3183,1.9453504587156,0.192128440366973,14.0,2.0,12.6128440366972,3.07155963302752,0.0,12.2261915,0.25865084,89.27298114697139
0,1,569450,3183,2.13747889908257,0.192128440366972,16.0,2.0,12.2091743119266,3.10825688073395,0.0,12.468861,0.2426694,89.27298114697139
0,1,569450,3183,2.32960733944954,0.192128440366973,18.0,2.0,11.805504587156,3.14495412844037,0.0,12.716547,0.2476858,89.27298114697139
0,1,569450,3183,2.52173577981651,0.192128440366973,20.0,2.0,11.4018348623853,3.18165137614679,0.0,12.980103,0.26355606,89.27298114697139
0,1,569450,3183,2.62084651162791,0.0991107318113933,22.0,2.0,11.293023255814,2.87441860465116,0.0,13.282132,0.30202937,89.27298114697139
0,1,569450,3183,2.62693953488372,0.006093023255814,24.0,2.0,11.4790697674419,2.22325581395349,0.0,13.622336,0.34020403,89.27298114697139
0,1,569450,3183,2.65293670886076,0.0259971739770384,26.0,2.0,11.5911392405063,1.76455696202532,0.0,13.98988,0.3675434,89.27298114697139
0,1,569450,3183,2.71589873417722,0.0629620253164558,28.0,2.0,11.5658227848101,1.66329113924051,0.0,14.35928,0.36940014,89.27298114697139
0,1,569450,3183,2.77886075949367,0.0629620253164558,30.0,2.0,11.5405063291139,1.5620253164557,0.0,14.70432,0.34503996,89.27298114697139
0,1,569450,3183,2.84182278481013,0.0629620253164553,32.0,2.0,11.5151898734177,1.46075949367089,0.0,15.011071,0.30675137,89.27298114697139
0,1,569450,3183,2.88051130434783,0.0386885195376996,34.0,2.0,11.3191304347826,1.33739130434783,0.0,15.274908,0.26383683,89.27298114697139
0,1,569450,3183,2.88278956521739,0.0022782608695655,36.0,2.0,10.8669565217391,1.18086956521739,0.0,15.5017605,0.22685274,89.27298114697139
0,1,569450,3183,2.88506782608696,0.002278260869565,38.0,2.0,10.4147826086957,1.02434782608696,0.0,15.709854,0.20809376,89.27298114697139
0,1,569450,3183,2.88734608695652,0.0022782608695655,40.0,2.0,9.96260869565218,0.867826086956522,0.0,15.919112,0.20925781,89.27298114697139
0,1,569450,3183,2.88962434782609,0.002278260869565,42.0,2.0,9.5104347826087,0.711304347826087,0.0,16.117373,0.19825926,89.27298114697139
0,1,569450,3183,2.89190260869565,0.002278260869565,44.0,2.0,9.05826086956522,0.554782608695652,0.0,16.307796,0.19042438,89.27298114697139
0,1,569450,3183,2.90546166666667,0.0135590579710145,46.0,2.0,8.8675,0.575833333333333,0.0,16.484495,0.17669824,89.27298114697139
0,1,569450,3183,2.925095,0.0196333333333332,48.0,2.0,8.8175,0.6925,0.0,16.670063,0.18556917,89.27298114697139
0,1,569450,3183,2.94472833333333,0.0196333333333336,50.0,2.0,8.7675,0.809166666666666,0.0,16.845268,0.17520472,89.27298114697139
0,1,569450,3183,2.96436166666667,0.0196333333333332,52.0,2.0,8.7175,0.925833333333333,0.0,17.034739,0.18946967,89.27298114697139
0,1,569450,3183,2.983995,0.0196333333333336,54.0,2.0,8.6675,1.0425,0.0,17.219389,0.18465117,89.27298114697139
0,1,569450,3183,3.00362833333333,0.0196333333333332,56.0,2.0,8.6175,1.15916666666667,0.0,17.415932,0.19654307,89.27298114697139
0,1,569450,3183,3.0105,0.0068716666666666,58.0,2.0,8.6,1.2,0.0,17.528658,0.11272514,89.27298114697139
0,1,569450,3191,0.133637058823529,0.133637058823529,2.0,2.0,11.4647058823529,1.34117647058824,0.0,0.46479958,0.46479958,89.27298114697139
0,1,569450,3191,0.247004137931034,0.113367079107505,4.0,2.0,13.0586206896552,1.78620689655172,0.0,0.92959917,0.46479958,89.27298114697139
0,1,569450,3191,0.40968,0.162675862068966,6.0,2.0,14.3,2.2,0.0,1.3356987,0.4060996,89.27298114697139
0,1,569450,3191,0.505796129032258,0.0961161290322581,8.0,2.0,13.3967741935484,2.32903225806452,0.0,1.5726558,0.23695709,89.27298114697139
0,1,569450,3191,0.571759655172414,0.0659635261401558,10.0,2.0,12.7820689655172,2.41241379310345,0.0,1.7148033,0.14214754,89.27298114697139
0,1,569450,3191,0.60087,0.0291103448275861,12.0,2.0,12.52,2.44,0.0,1.7311777,0.01637426,89.27298114697139
0,1,569450,3191,0.629980344827586,0.0291103448275862,14.0,2.0,12.2579310344828,2.46758620689655,0.0,1.7284197,-0.0027580261,89.27298114697139
0,1,569450,3191,0.659090689655172,0.0291103448275862,16.0,2.0,11.9958620689655,2.4951724137931,0.0,1.7466017,0.01818204,89.27298114697139
0,1,569450,3191,0.688201034482759,0.0291103448275861,18.0,2.0,11.7337931034483,2.52275862068966,0.0,1.7796824,0.033080727,89.27298114697139
0,1,569450,3191,0.717311379310345,0.0291103448275862,20.0,2.0,11.471724137931,2.55034482758621,0.0,1.8210044,0.041322052,89.27298114697139
0,1,569450,3191,0.746421724137931,0.0291103448275861,22.0,2.0,11.2096551724138,2.57793103448276,0.0,1.8628243,0.0418199,89.27298114697139
0,1,569450,3191,0.778982863070539,0.0325611389326085,24.0,2.0,11.0248962655602,2.64647302904564,0.0,1.9018356,0.03901121,89.27298114697139
0,1,569450,3191,0.825347178423236,0.046364315352697,26.0,2.0,11.149377593361,2.87883817427386,0.0,1.9376056,0.03577009,89.27298114697139
0,1,569450,3191,0.871711493775934,0.0463643153526971,28.0,2.0,11.2738589211618,3.11120331950207,0.0,1.9710834,0.033477783,89.27298114697139
0,1,569450,3191,0.918075809128631,0.0463643153526971,30.0,2.0,11.3983402489627,3.34356846473029,0.0,2.002994,0.0319106,89.27298114697139
0,1,569450,3191,0.964440124481328,0.046364315352697,32.0,2.0,11.5228215767635,3.57593360995851,0.0,2.0335627,0.03056854,89.27298114697139
0,1,569450,3191,1.01080443983402,0.046364315352697,34.0,2.0,11.6473029045643,3.80829875518672,0.0,2.0628889,0.02932629,89.27298114697139
0,1,569450,3191,1.05716875518672,0.0463643153526971,36.0,2.0,11.7717842323651,4.04066390041494,0.0,2.091383,0.02849406,89.27298114697139
0,1,569450,3191,1.10353307053942,0.0463643153526971,38.0,2.0,11.896265560166,4.27302904564315,0.0,2.118958,0.027575195,89.27298114697139
0,1,569450,3191,1.14989738589212,0.0463643153526971,40.0,2.0,12.0207468879668,4.50539419087137,0.0,2.146019,0.027060926,89.27298114697139
0,1,569450,3191,1.19626170124481,0.0463643153526969,42.0,2.0,12.1452282157676,4.73775933609959,0.0,2.1732326,0.027213424,89.27298114697139
0,1,569450,3191,1.24262601659751,0.0463643153526971,44.0,2.0,12.2697095435685,4.9701244813278,0.0,2.2006967,0.027464211,89.27298114697139
0,1,569450,3191,1.28899033195021,0.0463643153526971,46.0,2.0,12.3941908713693,5.20248962655602,0.0,2.2281163,0.027419686,89.27298114697139
0,1,569450,3191,1.328415,0.0394246680497927,48.0,2.0,12.43875,5.36875,0.0,2.2550278,0.026911378,89.27298114697139
0,1,569450,3191,1.328515,9.9999999999989e-05,50.0,2.0,12.0304166666667,5.16041666666667,0.0,2.2806623,0.025634497,89.27298114697139
0,1,569450,3191,1.328615,9.9999999999989e-05,52.0,2.0,11.6220833333333,4.95208333333333,0.0,2.3058455,0.02518335,89.27298114697139
0,1,569450,3191,1.328715,9.9999999999989e-05,54.0,2.0,11.21375,4.74375,0.0,2.3310838,0.025238127,89.27298114697139
0,1,569450,3191,1.328815,9.9999999999989e-05,56.0,2.0,10.8054166666667,4.53541666666667,0.0,2.3566856,0.025601864,89.27298114697139
0,1,569450,3191,1.328915,9.9999999999989e-05,58.0,2.0,10.3970833333333,4.32708333333333,0.0,2.3817883,0.025102705,89.27298114697139
0,1,569450,3191,1.329015,9.9999999999989e-05,60.0,2.0,9.98875,4.11875,0.0,2.4039748,0.022186518,89.27298114697139
0,1,569450,3191,1.329115,9.9999999999989e-05,62.0,2.0,9.58041666666667,3.91041666666667,0.0,2.4221566,0.018181682,89.27298114697139
0,1,569450,3191,1.329215,9.9999999999989e-05,64.0,2.0,9.17208333333333,3.70208333333333,0.0,2.438899,0.016742647,89.27298114697139
0,1,569450,3191,1.329315,9.9999999999989e-05,66.0,2.0,8.76375,3.49375,0.0,2.4555137,0.016614676,89.27298114697139
0,1,569450,3191,1.329415,9.9999999999989e-05,68.0,2.0,8.35541666666667,3.28541666666667,0.0,2.469989,0.014475167,89.27298114697139
0,1,569450,3191,1.329515,9.9999999999989e-05,70.0,2.0,7.94708333333333,3.07708333333333,0.0,2.4787,0.00871107,89.27298114697139
0,1,569450,3191,1.3316025,0.0020874999999998,72.0,2.0,7.6225,2.92625,0.0,2.4778056,-0.0008943379,89.27298114697139
0,1,569450,3191,1.3449525,0.0133500000000002,74.0,2.0,7.7725,3.10125,0.0,2.46726,-0.010545909,89.27298114697139
0,1,569450,3191,1.3583025,0.01335,76.0,2.0,7.9225,3.27625,0.0,2.4529648,-0.014295101,89.27298114697139
0,1,569450,3191,1.3716525,0.01335,78.0,2.0,8.0725,3.45125,0.0,2.4396238,-0.013340771,89.27298114697139
0,1,569450,3191,1.3850025,0.01335,80.0,2.0,8.2225,3.62625,0.0,2.426473,-0.01315096,89.27298114697139
0,1,569450,3191,1.3983525,0.01335,82.0,2.0,8.3725,3.80125,0.0,2.4509618,0.024488807,89.27298114697139
0,1,569450,3191,1.4117025,0.01335,84.0,2.0,8.5225,3.97625,0.0,2.4934418,0.042479962,89.27298114697139
0,1,569450,3191,1.4250525,0.0133500000000002,86.0,2.0,8.6725,4.15125,0.0,2.5244846,0.031042963,89.27298114697139
0,1,569450,3191,1.4384025,0.01335,88.0,2.0,8.8225,4.32625,0.0,2.5574167,0.032932013,89.27298114697139
0,1,569450,3191,1.4517525,0.01335,90.0,2.0,8.9725,4.50125,0.0,2.5721474,0.014730632,89.27298114697139
0,1,569450,3191,1.4651025,0.01335,92.0,2.0,9.1225,4.67625,0.0,2.5875678,0.015420586,89.27298114697139
0,1,569450,3191,1.4784525,0.01335,94.0,2.0,9.2725,4.85125,0.0,2.6143808,0.02681297,89.27298114697139
0,1,569450,3191,1.4898,0.0113475000000001,96.0,2.0,9.4,5.0,0.0,2.6162753,0.0018944144,89.27298114697139
0,1,569450,3243,0.466833333333333,0.466833333333333,2.0,2.0,14.3,2.5,0.0,2.589663,2.589663,89.27298114697139
0,1,569450,3243,0.871413333333333,0.40458,4.0,2.0,16.9333333333333,3.16666666666667,0.0,4.3056297,1.7159667,89.27298114697139
0,1,569450,3243,1.4316,0.560186666666667,6.0,2.0,19.0,4.1,0.0,5.8321285,1.5264986,89.27298114697139
0,1,569450,3243,1.68275789473684,0.251157894736842,8.0,2.0,18.2280701754386,3.99473684210526,0.0,6.296928,0.46479958,89.27298114697139
0,1,569450,3243,1.93391578947368,0.251157894736842,10.0,2.0,17.4561403508772,3.88947368421053,0.0,6.7268744,0.42994648,89.27298114697139
0,1,569450,3243,2.15525327102804,0.221337481554353,12.0,2.0,16.5841121495327,3.74392523364486,0.0,6.9813585,0.2544843,89.27298114697139
0,1,569450,3243,2.20760841121495,0.0523551401869162,14.0,2.0,15.1448598130841,3.37009345794392,0.0,7.140097,0.15873837,89.27298114697139
0,1,569450,3243,2.25996355140187,0.0523551401869158,16.0,2.0,13.7056074766355,2.99626168224299,0.0,7.246004,0.105906904,89.27298114697139
0,1,569450,3243,2.31231869158879,0.0523551401869158,18.0,2.0,12.2663551401869,2.62242990654206,0.0,7.3497386,0.10373446,89.27298114697139
0,1,569450,3243,2.3646738317757,0.0523551401869158,20.0,2.0,10.8271028037383,2.24859813084112,0.0,7.46212,0.11238143,89.27298114697139
0,1,569450,3243,2.41702897196262,0.0523551401869162,22.0,2.0,9.38785046728972,1.87476635514019,0.0,7.580561,0.11844152,89.27298114697139
0,1,569450,3243,2.4774983935743,0.0604694216116801,24.0,2.0,9.22208835341366,1.87710843373494,0.0,7.7020698,0.1215086,89.27298114697139
0,1,569450,3243,2.53999638554217,0.0624979919678714,26.0,2.0,9.37469879518072,1.97349397590361,0.0,7.82431,0.12223974,89.27298114697139
0,1,569450,3243,2.60249437751004,0.0624979919678714,28.0,2.0,9.52730923694779,2.06987951807229,0.0,7.944787,0.12047729,89.27298114697139
0,1,569450,3243,2.66499236947791,0.0624979919678719,30.0,2.0,9.67991967871486,2.16626506024096,0.0,8.061297,0.11651012,89.27298114697139
0,1,569450,3243,2.72749036144578,0.0624979919678714,32.0,2.0,9.83253012048193,2.26265060240964,0.0,8.172789,0.11149168,89.27298114697139
0,1,569450,3243,2.78998835341365,0.0624979919678714,34.0,2.0,9.985140562249,2.35903614457831,0.0,8.27878,0.105991215,89.27298114697139
0,1,569450,3243,2.85248634538153,0.0624979919678714,36.0,2.0,10.1377510040161,2.45542168674699,0.0,8.379056,0.10027611,89.27298114697139
0,1,569450,3243,2.9149843373494,0.0624979919678714,38.0,2.0,10.2903614457831,2.55180722891566,0.0,8.474148,0.09509176,89.27298114697139
0,1,569450,3243,2.97748232931727,0.0624979919678714,40.0,2.0,10.4429718875502,2.64819277108434,0.0,8.564718,0.09057054,89.27298114697139
0,1,569450,3243,3.03998032128514,0.0624979919678714,42.0,2.0,10.5955823293173,2.74457831325301,0.0,8.651393,0.086674154,89.27298114697139
0,1,569450,3243,3.10247831325301,0.0624979919678714,44.0,2.0,10.7481927710843,2.84096385542169,0.0,8.734406,0.08301383,89.27298114697139
0,1,569450,3243,3.16497630522088,0.0624979919678714,46.0,2.0,10.9008032128514,2.93734939759036,0.0,8.813822,0.07941541,89.27298114697139
0,1,569450,3243,3.20997429718876,0.0449979919678718,48.0,2.0,11.1124497991968,3.04779116465863,0.0,8.890334,0.076512665,89.27298114697139
0,1,569450,3243,3.22247228915663,0.0124979919678712,50.0,2.0,11.433734939759,3.18433734939759,0.0,8.964095,0.0737609,89.27298114697139
0,1,569450,3243,3.2349702811245,0.0124979919678716,52.0,2.0,11.7550200803213,3.32088353413655,0.0,9.034716,0.07062054,89.27298114697139
0,1,569450,3243,3.24746827309237,0.0124979919678716,54.0,2.0,12.0763052208835,3.4574297188755,0.0,9.103057,0.068341136,89.27298114697139
0,1,569450,3243,3.25996626506024,0.0124979919678716,56.0,2.0,12.3975903614458,3.59397590361446,0.0,9.171771,0.06871429,89.27298114697139
0,1,569450,3243,3.27246425702811,0.0124979919678712,58.0,2.0,12.718875502008,3.73052208835341,0.0,9.24044,0.06866932,89.27298114697139
0,1,569450,3243,3.28496224899598,0.0124979919678716,60.0,2.0,13.0401606425703,3.86706827309237,0.0,9.309195,0.06875408,89.27298114697139
0,1,569450,3243,3.29746024096386,0.0124979919678716,62.0,2.0,13.3614457831325,4.00361445783133,0.0,9.375604,0.06640929,89.27298114697139
0,1,569450,3243,3.30995823293173,0.0124979919678716,64.0,2.0,13.6827309236948,4.14016064257028,0.0,9.43827,0.06266582,89.27298114697139
0,1,569450,3243,3.3224562248996,0.0124979919678712,66.0,2.0,14.004016064257,4.27670682730924,0.0,9.495433,0.057162583,89.27298114697139
0,1,569450,3243,3.33495421686747,0.0124979919678716,68.0,2.0,14.3253012048193,4.41325301204819,0.0,9.54606,0.050626844,89.27298114697139
0,1,569450,3243,3.34745220883534,0.0124979919678716,70.0,2.0,14.6465863453815,4.54979919678715,0.0,9.592153,0.046093106,89.27298114697139
0,1,569450,3243,3.35995020080321,0.0124979919678716,72.0,2.0,14.9678714859438,4.6863453815261,0.0,9.632463,0.04031074,89.27298114697139
0,1,569450,3243,3.38719746835443,0.0272472675512172,74.0,2.0,15.1974683544304,4.76075949367089,0.0,9.664804,0.032341063,89.27298114697139
0,1,569450,3243,3.4160835443038,0.0288860759493672,76.0,2.0,15.4168776371308,4.82827004219409,0.0,9.695276,0.030472428,89.27298114697139
0,1,569450,3243,3.44496962025316,0.0288860759493672,78.0,2.0,15.6362869198312,4.8957805907173,0.0,9.721676,0.026399136,89.27298114697139
0,1,569450,3243,3.47385569620253,0.0288860759493668,80.0,2.0,15.8556962025316,4.96329113924051,0.0,9.746313,0.024636954,89.27298114697139
0,1,569450,3243,3.5027417721519,0.0288860759493672,82.0,2.0,16.0751054852321,5.03080168776371,0.0,9.794991,0.048677474,89.27298114697139
0,1,569450,3243,3.53162784810127,0.0288860759493672,84.0,2.0,16.2945147679325,5.09831223628692,0.0,9.853351,0.05836028,89.27298114697139
0,1,569450,3243,3.56051392405063,0.0288860759493668,86.0,2.0,16.5139240506329,5.16582278481013,0.0,9.905531,0.052180022,89.27298114697139
0,1,569450,3243,3.5894,0.0288860759493672,88.0,2.0,16.7333333333333,5.23333333333333,0.0,9.9605,0.05496946,89.27298114697139
0,1,569450,3243,3.61828607594937,0.0288860759493672,90.0,2.0,16.9527426160338,5.30084388185654,0.0,10.003971,0.04347101,89.27298114697139
0,1,569450,3243,3.64717215189873,0.0288860759493672,92.0,2.0,17.1721518987342,5.36835443037975,0.0,10.04681,0.042838812,89.27298114697139
0,1,569450,3243,3.6760582278481,0.0288860759493668,94.0,2.0,17.3915611814346,5.43586497890295,0.0,10.100376,0.053566843,89.27298114697139
0,1,569450,3243,3.7035,0.0274417721518989,96.0,2.0,17.6,5.5,0.0,10.129013,0.028636605,89.27298114697139
0,1,569450,3244,11.0376875,11.0376875,2.0,2.0,28.4375,3.4375,0.0,12.96994,12.96994,89.27298114697139
0,1,569450,3244,13.801,2.7633125,4.0,2.0,30.7,3.73333333333333,0.0,15.514464,2.5445244,89.27298114697139
0,1,569450,3244,15.583,1.782,6.0,2.0,32.1,4.2,0.0,16.620987,1.1065216,89.27298114697139
0,1,569450,3244,16.0139803921569,0.430980392156863,8.0,2.0,30.8843137254902,4.04313725490196,0.0,17.06107,0.4400823,89.27298114697139
0,1,569450,3244,16.4449607843137,0.430980392156862,10.0,2.0,29.6686274509804,3.88627450980392,0.0,17.345278,0.28420946,89.27298114697139
0,1,569450,3244,16.687625,0.242664215686272,12.0,2.0,27.7105769230769,3.575,0.0,17.456802,0.11152357,89.27298114697139
0,1,569450,3244,16.700125,0.0125000000000028,14.0,2.0,24.8451923076923,3.075,0.0,17.507402,0.0506005,89.27298114697139
0,1,569450,3244,16.712625,0.0124999999999993,16.0,2.0,21.9798076923077,2.575,0.0,17.567259,0.059857547,89.27298114697139
0,1,569450,3244,16.725125,0.0124999999999993,18.0,2.0,19.1144230769231,2.075,0.0,17.62778,0.060521662,89.27298114697139
0,1,569450,3244,16.737625,0.0125000000000028,20.0,2.0,16.2490384615385,1.575,0.0,17.689764,0.061981857,89.27298114697139
0,1,569450,3244,16.7630685483871,0.0254435483870949,22.0,2.0,14.2774193548387,1.21612903225806,0.0,17.756445,0.06668201,89.27298114697139
0,1,569450,3244,16.8273427419355,0.064274193548389,24.0,2.0,14.9870967741935,1.28064516129032,0.0,17.829424,0.0729779,89.27298114697139
0,1,569450,3244,16.8916169354839,0.0642741935483855,26.0,2.0,15.6967741935484,1.34516129032258,0.0,17.909548,0.08012524,89.27298114697139
0,1,569450,3244,16.9558911290323,0.064274193548389,28.0,2.0,16.4064516129032,1.40967741935484,0.0,17.99444,0.084891826,89.27298114697139
0,1,569450,3244,17.0201653225806,0.0642741935483855,30.0,2.0,17.1161290322581,1.4741935483871,0.0,18.081343,0.086901695,89.27298114697139
0,1,569450,3244,17.084439516129,0.0642741935483855,32.0,2.0,17.8258064516129,1.53870967741935,0.0,18.16845,0.08710837,89.27298114697139
0,1,569450,3244,17.1487137096774,0.064274193548389,34.0,2.0,18.5354838709677,1.60322580645161,0.0,18.25409,0.08563951,89.27298114697139
0,1,569450,3244,17.2129879032258,0.0642741935483855,36.0,2.0,19.2451612903226,1.66774193548387,0.0,18.337114,0.083023846,89.27298114697139
0,1,569450,3244,17.2772620967742,0.064274193548389,38.0,2.0,19.9548387096774,1.73225806451613,0.0,18.416378,0.07926363,89.27298114697139
0,1,569450,3244,17.3415362903226,0.0642741935483855,40.0,2.0,20.6645161290323,1.79677419354839,0.0,18.489841,0.07346487,89.27298114697139
0,1,569450,3244,17.405810483871,0.064274193548389,42.0,2.0,21.3741935483871,1.86129032258065,0.0,18.55765,0.06780732,89.27298114697139
0,1,569450,3244,17.4700846774194,0.0642741935483855,44.0,2.0,22.0838709677419,1.9258064516129,0.0,18.620272,0.062621415,89.27298114697139
0,1,569450,3244,17.5343588709677,0.064274193548389,46.0,2.0,22.7935483870968,1.99032258064516,0.0,18.677404,0.057133555,89.27298114697139
0,1,569450,3244,17.6232408163265,0.0888819453587892,48.0,2.0,22.185306122449,2.19428571428571,0.0,18.729322,0.05191776,89.27298114697139
0,1,569450,3244,17.7164653061225,0.0932244897959187,50.0,2.0,21.3444897959184,2.42285714285714,0.0,18.775908,0.046585023,89.27298114697139
0,1,569450,3244,17.8096897959184,0.0932244897959151,52.0,2.0,20.5036734693878,2.65142857142857,0.0,18.81829,0.042382866,89.27298114697139
0,1,569450,3244,17.9029142857143,0.0932244897959187,54.0,2.0,19.6628571428571,2.88,0.0,18.859867,0.04157731,89.27298114697139
0,1,569450,3244,17.9961387755102,0.0932244897959187,56.0,2.0,18.8220408163265,3.10857142857143,0.0,18.901674,0.041807413,89.27298114697139
0,1,569450,3244,18.0893632653061,0.0932244897959187,58.0,2.0,17.9812244897959,3.33714285714286,0.0,18.94311,0.041434824,89.27298114697139
0,1,569450,3244,18.182587755102,0.0932244897959187,60.0,2.0,17.1404081632653,3.56571428571429,0.0,18.982267,0.039157838,89.27298114697139
0,1,569450,3244,18.275812244898,0.0932244897959187,62.0,2.0,16.2995918367347,3.79428571428571,0.0,19.01847,0.036203295,89.27298114697139
0,1,569450,3244,18.3690367346939,0.0932244897959187,64.0,2.0,15.4587755102041,4.02285714285714,0.0,19.048687,0.03021583,89.27298114697139
0,1,569450,3244,18.4622612244898,0.0932244897959187,66.0,2.0,14.6179591836735,4.25142857142857,0.0,19.068789,0.020101994,89.27298114697139
0,1,569450,3244,18.5554857142857,0.0932244897959187,68.0,2.0,13.7771428571429,4.48,0.0,19.080984,0.012195021,89.27298114697139
0,1,569450,3244,18.6487102040816,0.0932244897959151,70.0,2.0,12.9363265306122,4.70857142857143,0.0,19.091711,0.010727644,89.27298114697139
0,1,569450,3244,18.6968907563025,0.0481805522208916,72.0,2.0,12.4386554621849,4.7546218487395,0.0,19.095488,0.0037756264,89.27298114697139
0,1,569450,3244,18.7150420168067,0.0181512605042009,74.0,2.0,12.1697478991597,4.67899159663865,0.0,19.091917,-0.0035692751,89.27298114697139
0,1,569450,3244,18.7331932773109,0.0181512605042009,76.0,2.0,11.9008403361345,4.60336134453781,0.0,19.082384,-0.009534031,89.27298114697139
0,1,569450,3244,18.7513445378151,0.0181512605042009,78.0,2.0,11.6319327731092,4.52773109243697,0.0,19.071228,-0.011156261,89.27298114697139
0,1,569450,3244,18.7694957983193,0.0181512605042045,80.0,2.0,11.363025210084,4.45210084033613,0.0,19.057987,-0.013239354,89.27298114697139
0,1,569450,3244,18.7876470588235,0.0181512605042009,82.0,2.0,11.0941176470588,4.37647058823529,0.0,19.069237,0.011249363,89.27298114697139
0,1,569450,3244,18.8057983193277,0.0181512605042009,84.0,2.0,10.8252100840336,4.30084033613445,0.0,19.099102,0.029864669,89.27298114697139
0,1,569450,3244,18.8239495798319,0.0181512605042009,86.0,2.0,10.5563025210084,4.22521008403361,0.0,19.122364,0.02326256,89.27298114697139
0,1,569450,3244,18.8421008403361,0.0181512605042045,88.0,2.0,10.2873949579832,4.14957983193277,0.0,19.155674,0.033310205,89.27298114697139
0,1,569450,3244,18.8602521008403,0.0181512605042009,90.0,2.0,10.018487394958,4.07394957983193,0.0,19.165909,0.010233879,89.27298114697139
0,1,569450,3244,18.8784033613445,0.0181512605042009,92.0,2.0,9.74957983193277,3.99831932773109,0.0,19.182762,0.016854137,89.27298114697139
0,1,569450,3244,18.8965546218487,0.0181512605042009,94.0,2.0,9.48067226890756,3.92268907563025,0.0,19.2128,0.030037194,89.27298114697139
0,1,569450,3244,18.902,0.0054453781512613,96.0,2.0,9.4,3.9,0.0,19.206673,-0.0061270595,89.27298114697139
0,1,569450,3257,1.32922357142857,1.32922357142857,2.0,2.0,27.4214285714286,3.0,0.0,2.3534522,2.3534522,89.27298114697139
0,1,569450,3257,2.7088625,1.37963892857143,4.0,2.0,29.828125,3.34375,0.0,3.514453,1.1610007,89.27298114697139
0,1,569450,3257,3.9846125,1.27575,6.0,2.0,31.515625,3.96875,0.0,4.6452904,1.1308374,89.27298114697139
0,1,569450,3257,4.10226726190476,0.117654761904762,8.0,2.0,30.5369047619048,3.84166666666667,0.0,5.0269465,0.38165605,89.27298114697139
0,1,569450,3257,4.15896964285714,0.0567023809523803,10.0,2.0,29.4178571428571,3.675,0.0,5.312641,0.28569493,89.27298114697139
0,1,569450,3257,4.21567202380952,0.0567023809523812,12.0,2.0,28.2988095238095,3.50833333333333,0.0,5.4358916,0.123250425,89.27298114697139
0,1,569450,3257,4.2723744047619,0.0567023809523812,14.0,2.0,27.1797619047619,3.34166666666667,0.0,5.5022316,0.06633994,89.27298114697139
0,1,569450,3257,4.32907678571429,0.0567023809523812,16.0,2.0,26.0607142857143,3.175,0.0,5.5725727,0.0703412,89.27298114697139
0,1,569450,3257,4.38577916666667,0.0567023809523803,18.0,2.0,24.9416666666667,3.00833333333333,0.0,5.655505,0.08293229,89.27298114697139
0,1,569450,3257,4.44248154761905,0.0567023809523812,20.0,2.0,23.822619047619,2.84166666666667,0.0,5.7424507,0.086945355,89.27298114697139
0,1,569450,3257,4.49918392857143,0.0567023809523812,22.0,2.0,22.7035714285714,2.675,0.0,5.8278074,0.08535695,89.27298114697139
0,1,569450,3257,4.57902580645161,0.0798418778801837,24.0,2.0,22.2532258064516,2.82177419354839,0.0,5.910455,0.08264759,89.27298114697139
0,1,569450,3257,4.6778,0.0987741935483877,26.0,2.0,22.35,3.225,0.0,5.9912553,0.080800354,89.27298114697139
0,1,569450,3257,4.77657419354839,0.0987741935483868,28.0,2.0,22.4467741935484,3.62822580645161,0.0,6.070603,0.07934731,89.27298114697139
0,1,569450,3257,4.87534838709677,0.0987741935483877,30.0,2.0,22.5435483870968,4.03145161290323,0.0,6.1481085,0.077505946,89.27298114697139
0,1,569450,3257,4.97412258064516,0.0987741935483868,32.0,2.0,22.6403225806452,4.43467741935484,0.0,6.2227182,0.07460943,89.27298114697139
0,1,569450,3257,5.07289677419355,0.0987741935483868,34.0,2.0,22.7370967741935,4.83790322580645,0.0,6.2934284,0.07071033,89.27298114697139
0,1,569450,3257,5.15274525547445,0.0798484812809042,36.0,2.0,22.5905109489051,4.88540145985401,0.0,6.3582125,0.06478381,89.27298114697139
0,1,569450,3257,5.19744598540146,0.0447007299270075,38.0,2.0,21.9919708029197,4.27226277372263,0.0,6.414547,0.056334555,89.27298114697139
0,1,569450,3257,5.24214671532847,0.0447007299270075,40.0,2.0,21.3934306569343,3.65912408759124,0.0,6.4616733,0.04712662,89.27298114697139
0,1,569450,3257,5.28684744525547,0.0447007299270066,42.0,2.0,20.7948905109489,3.04598540145985,0.0,6.5000734,0.038399726,89.27298114697139
0,1,569450,3257,5.33154817518248,0.0447007299270075,44.0,2.0,20.1963503649635,2.43284671532847,0.0,6.5311527,0.03107956,89.27298114697139
0,1,569450,3257,5.37624890510949,0.0447007299270075,46.0,2.0,19.5978102189781,1.81970802919708,0.0,6.5577583,0.026605725,89.27298114697139
0,1,569450,3257,5.4209496350365,0.0447007299270075,48.0,2.0,18.9992700729927,1.20656934306569,0.0,6.580437,0.022678792,89.27298114697139
0,1,569450,3257,5.45690888888889,0.0359592538523925,50.0,2.0,18.6733333333333,1.00222222222222,0.0,6.5995803,0.019142956,89.27298114697139
0,1,569450,3257,5.48412666666667,0.0272177777777776,52.0,2.0,18.62,1.20666666666667,0.0,6.616349,0.016769081,89.27298114697139
0,1,569450,3257,5.51134444444444,0.0272177777777776,54.0,2.0,18.5666666666667,1.41111111111111,0.0,6.6319003,0.01555115,89.27298114697139
0,1,569450,3257,5.53856222222222,0.0272177777777785,56.0,2.0,18.5133333333333,1.61555555555556,0.0,6.647427,0.015526533,89.27298114697139
0,1,569450,3257,5.56578,0.0272177777777776,58.0,2.0,18.46,1.82,0.0,6.663949,0.016522199,89.27298114697139
0,1,569450,3257,5.59299777777778,0.0272177777777776,60.0,2.0,18.4066666666667,2.02444444444444,0.0,6.6813264,0.017377079,89.27298114697139
0,1,569450,3257,5.62021555555556,0.0272177777777776,62.0,2.0,18.3533333333333,2.22888888888889,0.0,6.6985574,0.017231196,89.27298114697139
0,1,569450,3257,5.64743333333333,0.0272177777777785,64.0,2.0,18.3,2.43333333333333,0.0,6.7130146,0.014456898,89.27298114697139
0,1,569450,3257,5.67465111111111,0.0272177777777776,66.0,2.0,18.2466666666667,2.63777777777778,0.0,6.727029,0.0140146315,89.27298114697139
0,1,569450,3257,5.70186888888889,0.0272177777777776,68.0,2.0,18.1933333333333,2.84222222222222,0.0,6.7379313,0.010902345,89.27298114697139
0,1,569450,3257,5.72908666666667,0.0272177777777785,70.0,2.0,18.14,3.04666666666667,0.0,6.7424817,0.0045502186,89.27298114697139
0,1,569450,3257,5.75226422764228,0.0231775609756095,72.0,2.0,18.1508130081301,3.17154471544715,0.0,6.744499,0.0020177066,89.27298114697139
0,1,569450,3257,5.76332113821138,0.0110569105691054,74.0,2.0,18.3540650406504,3.05772357723577,0.0,6.741872,-0.0026272833,89.27298114697139
0,1,569450,3257,5.77437804878049,0.0110569105691063,76.0,2.0,18.5573170731707,2.94390243902439,0.0,6.730792,-0.011079758,89.27298114697139
0,1,569450,3257,5.78543495934959,0.0110569105691054,78.0,2.0,18.7605691056911,2.83008130081301,0.0,6.7272696,-0.0035223663,89.27298114697139
0,1,569450,3257,5.7964918699187,0.0110569105691054,80.0,2.0,18.9638211382114,2.71626016260163,0.0,6.720243,-0.007026851,89.27298114697139
0,1,569450,3257,5.80754878048781,0.0110569105691063,82.0,2.0,19.1670731707317,2.60243902439024,0.0,6.7120333,-0.008209527,89.27298114697139
0,1,569450,3257,5.81860569105691,0.0110569105691054,84.0,2.0,19.370325203252,2.48861788617886,0.0,6.721695,0.009661317,89.27298114697139
0,1,569450,3257,5.82966260162602,0.0110569105691054,86.0,2.0,19.5735772357724,2.37479674796748,0.0,6.735542,0.013847053,89.27298114697139
0,1,569450,3257,5.84071951219512,0.0110569105691063,88.0,2.0,19.7768292682927,2.2609756097561,0.0,6.7475824,0.012040496,89.27298114697139
0,1,569450,3257,5.85177642276423,0.0110569105691054,90.0,2.0,19.980081300813,2.14715447154472,0.0,6.7572117,0.009629279,89.27298114697139
0,1,569450,3257,5.86283333333333,0.0110569105691054,92.0,2.0,20.1833333333333,2.03333333333333,0.0,6.7684712,0.011259466,89.27298114697139
0,1,569450,3257,5.87389024390244,0.0110569105691063,94.0,2.0,20.3865853658537,1.91951219512195,0.0,6.7737694,0.0052981973,89.27298114697139
0,1,569450,3257,5.88494715447155,0.0110569105691054,96.0,2.0,20.589837398374,1.80569105691057,0.0,6.785711,0.011941403,89.27298114697139
0,1,569450,3257,5.8855,0.0005528455284551,98.0,2.0,20.6,1.8,0.0,6.7773,-0.008410841,89.27298114697139
0,1,569450,3269,0.761807142857143,0.761807142857143,2.0,2.0,13.6857142857143,6.67142857142857,0.0,1.4342567,1.4342567,89.27298114697139
0,1,569450,3269,1.45435172413793,0.692544581280788,4.0,2.0,13.6413793103448,6.96206896551724,0.0,2.1470299,0.7127731,89.27298114697139
0,1,569450,3269,1.80576071428571,0.351408990147783,6.0,2.0,12.1357142857143,6.67857142857143,0.0,2.6118293,0.46479958,89.27298114697139
0,1,569450,3269,2.010975,0.205214285714286,8.0,2.0,10.85,6.25,0.0,2.996568,0.38473856,89.27298114697139
0,1,569450,3269,2.16467089552239,0.153695895522388,10.0,2.0,10.2350746268657,6.02238805970149,0.0,3.306072,0.30950415,89.27298114697139
0,1,569450,3269,2.29062611940299,0.125955223880597,12.0,2.0,9.98134328358209,5.90298507462687,0.0,3.4589736,0.15290159,89.27298114697139
0,1,569450,3269,2.41658134328358,0.125955223880597,14.0,2.0,9.72761194029851,5.78358208955224,0.0,3.5406663,0.081692606,89.27298114697139
0,1,569450,3269,2.54253656716418,0.125955223880597,16.0,2.0,9.47388059701493,5.66417910447761,0.0,3.6094942,0.06882799,89.27298114697139
0,1,569450,3269,2.66849179104478,0.125955223880597,18.0,2.0,9.22014925373134,5.54477611940298,0.0,3.692125,0.08263081,89.27298114697139
0,1,569450,3269,2.79444701492537,0.125955223880597,20.0,2.0,8.96641791044776,5.42537313432836,0.0,3.7909107,0.09878561,89.27298114697139
0,1,569450,3269,2.92040223880597,0.125955223880597,22.0,2.0,8.71268656716418,5.30597014925373,0.0,3.8989918,0.10808113,89.27298114697139
0,1,569450,3269,3.09795180722892,0.177549568422946,24.0,2.0,8.86787148594378,5.36104417670683,0.0,4.009209,0.110217184,89.27298114697139
0,1,569450,3269,3.27821686746988,0.180265060240964,26.0,2.0,9.04457831325301,5.42530120481928,0.0,4.1174064,0.10819742,89.27298114697139
0,1,569450,3269,3.45848192771084,0.180265060240964,28.0,2.0,9.22128514056225,5.48955823293173,0.0,4.221215,0.10380831,89.27298114697139
0,1,569450,3269,3.63874698795181,0.180265060240964,30.0,2.0,9.39799196787149,5.55381526104418,0.0,4.3186812,0.09746662,89.27298114697139
0,1,569450,3269,3.81901204819277,0.180265060240964,32.0,2.0,9.57469879518072,5.61807228915663,0.0,4.4090185,0.090337336,89.27298114697139
0,1,569450,3269,3.99927710843374,0.180265060240964,34.0,2.0,9.75140562248996,5.68232931726908,0.0,4.492504,0.083485454,89.27298114697139
0,1,569450,3269,4.1795421686747,0.180265060240964,36.0,2.0,9.9281124497992,5.74658634538153,0.0,4.5693517,0.076847404,89.27298114697139
0,1,569450,3269,4.35980722891566,0.180265060240964,38.0,2.0,10.1048192771084,5.81084337349398,0.0,4.6405,0.071148634,89.27298114697139
0,1,569450,3269,4.54007228915663,0.180265060240964,40.0,2.0,10.2815261044177,5.87510040160643,0.0,4.707752,0.06725231,89.27298114697139
0,1,569450,3269,4.72033734939759,0.180265060240965,42.0,2.0,10.4582329317269,5.93935742971887,0.0,4.7715836,0.06383088,89.27298114697139
0,1,569450,3269,4.90060240963855,0.180265060240964,44.0,2.0,10.6349397590361,6.00361445783132,0.0,4.83232,0.060736746,89.27298114697139
0,1,569450,3269,5.08086746987952,0.180265060240964,46.0,2.0,10.8116465863454,6.06787148594377,0.0,4.8899307,0.05761084,89.27298114697139
0,1,569450,3269,5.19344583333333,0.112578363453816,48.0,2.0,10.7583333333333,6.02916666666667,0.0,4.943537,0.053606182,89.27298114697139
0,1,569450,3269,5.2383375,0.0448916666666666,50.0,2.0,10.475,5.8875,0.0,4.9933214,0.049784303,89.27298114697139
0,1,569450,3269,5.28322916666667,0.0448916666666666,52.0,2.0,10.1916666666667,5.74583333333333,0.0,5.040057,0.046735585,89.27298114697139
0,1,569450,3269,5.32812083333333,0.0448916666666666,54.0,2.0,9.90833333333333,5.60416666666667,0.0,5.0851574,0.04510039,89.27298114697139
0,1,569450,3269,5.3730125,0.0448916666666666,56.0,2.0,9.625,5.4625,0.0,5.1292195,0.044062257,89.27298114697139
0,1,569450,3269,5.41790416666667,0.0448916666666666,58.0,2.0,9.34166666666667,5.32083333333333,0.0,5.171324,0.042104274,89.27298114697139
0,1,569450,3269,5.46279583333333,0.0448916666666666,60.0,2.0,9.05833333333333,5.17916666666667,0.0,5.209062,0.037738264,89.27298114697139
0,1,569450,3269,5.5076875,0.0448916666666674,62.0,2.0,8.775,5.0375,0.0,5.24166,0.03259775,89.27298114697139
0,1,569450,3269,5.55257916666667,0.0448916666666666,64.0,2.0,8.49166666666667,4.89583333333333,0.0,5.2731767,0.03151682,89.27298114697139
0,1,569450,3269,5.59747083333333,0.0448916666666666,66.0,2.0,8.20833333333333,4.75416666666667,0.0,5.304396,0.031219393,89.27298114697139
0,1,569450,3269,5.6423625,0.0448916666666666,68.0,2.0,7.925,4.6125,0.0,5.3320627,0.02766651,89.27298114697139
0,1,569450,3269,5.68725416666667,0.0448916666666666,70.0,2.0,7.64166666666667,4.47083333333333,0.0,5.3545666,0.022503912,89.27298114697139
0,1,569450,3269,5.75040850202429,0.0631543353576252,72.0,2.0,7.37449392712551,4.41619433198381,0.0,5.367924,0.013357699,89.27298114697139
0,1,569450,3269,5.83182550607287,0.0814170040485829,74.0,2.0,7.12348178137652,4.44858299595142,0.0,5.3723574,0.0044332445,89.27298114697139
0,1,569450,3269,5.91324251012146,0.0814170040485829,76.0,2.0,6.87246963562753,4.48097165991903,0.0,5.373181,0.00082337856,89.27298114697139
0,1,569450,3269,5.99465951417004,0.0814170040485829,78.0,2.0,6.62145748987854,4.51336032388664,0.0,5.373497,0.00031635165,89.27298114697139
0,1,569450,3269,6.07607651821862,0.0814170040485829,80.0,2.0,6.37044534412956,4.54574898785425,0.0,5.3738637,0.00036650896,89.27298114697139
0,1,569450,3269,6.15749352226721,0.0814170040485829,82.0,2.0,6.11943319838057,4.57813765182186,0.0,5.4114637,0.03760022,89.27298114697139
0,1,569450,3269,6.23891052631579,0.0814170040485838,84.0,2.0,5.86842105263158,4.61052631578947,0.0,5.462334,0.05087027,89.27298114697139
0,1,569450,3269,6.32032753036437,0.0814170040485829,86.0,2.0,5.61740890688259,4.64291497975709,0.0,5.5034237,0.041089356,89.27298114697139
0,1,569450,3269,6.40174453441296,0.0814170040485829,88.0,2.0,5.3663967611336,4.6753036437247,0.0,5.542101,0.038677335,89.27298114697139
0,1,569450,3269,6.48316153846154,0.0814170040485829,90.0,2.0,5.11538461538462,4.70769230769231,0.0,5.5712123,0.029111236,89.27298114697139
0,1,569450,3269,6.56457854251012,0.0814170040485829,92.0,2.0,4.86437246963563,4.74008097165992,0.0,5.5997944,0.028582007,89.27298114697139
0,1,569450,3269,6.64599554655871,0.0814170040485838,94.0,2.0,4.61336032388664,4.77246963562753,0.0,5.634001,0.03420672,89.27298114697139
0,1,569450,3269,6.7152,0.0692044534412952,96.0,2.0,4.4,4.8,0.0,5.643468,0.009467214,89.27298114697139
0,1,569450,3274,0.82522,0.82522,2.0,2.0,10.9333333333333,3.16666666666667,0.0,0.46479958,0.46479958,89.27298114697139
0,1,569450,3274,1.4873,0.66208,4.0,2.0,12.8333333333333,3.16666666666667,0.0,0.92959917,0.46479958,89.27298114697139
0,1,569450,3274,2.3893,0.902,6.0,2.0,14.1,3.3,0.0,1.2925831,0.3629839,89.27298114697139
0,1,569450,3274,2.62831886792453,0.239018867924528,8.0,2.0,13.722641509434,3.41320754716981,0.0,1.5087287,0.2161457,89.27298114697139
0,1,569450,3274,2.86733773584906,0.239018867924528,10.0,2.0,13.3452830188679,3.52641509433962,0.0,1.6463128,0.13758403,89.27298114697139
0,1,569450,3274,3.03722342342342,0.169885687574367,12.0,2.0,12.5387387387387,3.51171171171171,0.0,1.6964779,0.050165027,89.27298114697139
0,1,569450,3274,3.07871891891892,0.0414954954954956,14.0,2.0,10.9351351351351,3.25945945945946,0.0,1.7255864,0.029108644,89.27298114697139
0,1,569450,3274,3.12021441441441,0.0414954954954956,16.0,2.0,9.33153153153153,3.00720720720721,0.0,1.7596037,0.034017205,89.27298114697139
0,1,569450,3274,3.16170990990991,0.0414954954954956,18.0,2.0,7.72792792792793,2.75495495495495,0.0,1.7999175,0.04031384,89.27298114697139
0,1,569450,3274,3.20320540540541,0.0414954954954951,20.0,2.0,6.12432432432432,2.5027027027027,0.0,1.8445206,0.04460305,89.27298114697139
0,1,569450,3274,3.2447009009009,0.0414954954954956,22.0,2.0,4.52072072072072,2.25045045045045,0.0,1.8887687,0.044248044,89.27298114697139
0,1,569450,3274,3.32758461538462,0.0828837144837147,24.0,2.0,4.50445344129555,2.33603238866397,0.0,1.9309236,0.042154938,89.27298114697139
0,1,569450,3274,3.42081538461538,0.093230769230769,26.0,2.0,4.88502024291498,2.50607287449393,0.0,1.9724898,0.041566312,89.27298114697139
0,1,569450,3274,3.51404615384615,0.0932307692307695,28.0,2.0,5.26558704453441,2.67611336032389,0.0,2.0139832,0.041493356,89.27298114697139
0,1,569450,3274,3.60727692307692,0.093230769230769,30.0,2.0,5.64615384615385,2.84615384615385,0.0,2.0551133,0.041130066,89.27298114697139
0,1,569450,3274,3.70050769230769,0.0932307692307695,32.0,2.0,6.02672064777328,3.01619433198381,0.0,2.0955045,0.040391296,89.27298114697139
0,1,569450,3274,3.79373846153846,0.093230769230769,34.0,2.0,6.40728744939271,3.18623481781376,0.0,2.134716,0.03921148,89.27298114697139
0,1,569450,3274,3.88696923076923,0.0932307692307695,36.0,2.0,6.78785425101215,3.35627530364372,0.0,2.1724768,0.037760705,89.27298114697139
0,1,569450,3274,3.9802,0.093230769230769,38.0,2.0,7.16842105263158,3.52631578947368,0.0,2.2087758,0.0362989,89.27298114697139
0,1,569450,3274,4.07343076923077,0.093230769230769,40.0,2.0,7.54898785425101,3.69635627530364,0.0,2.2440698,0.035294145,89.27298114697139
0,1,569450,3274,4.16666153846154,0.093230769230769,42.0,2.0,7.92955465587045,3.8663967611336,0.0,2.27918,0.035110205,89.27298114697139
0,1,569450,3274,4.25989230769231,0.0932307692307699,44.0,2.0,8.31012145748988,4.03643724696356,0.0,2.3139017,0.034721583,89.27298114697139
0,1,569450,3274,4.35312307692308,0.093230769230769,46.0,2.0,8.69068825910931,4.20647773279352,0.0,2.3474143,0.03351271,89.27298114697139
0,1,569450,3274,4.42581404958678,0.0726909726636995,48.0,2.0,9.01157024793388,4.31859504132231,0.0,2.379597,0.032182664,89.27298114697139
0,1,569450,3274,4.47340082644628,0.0475867768595046,50.0,2.0,9.25950413223141,4.3599173553719,0.0,2.4098935,0.030296594,89.27298114697139
0,1,569450,3274,4.52098760330578,0.0475867768595037,52.0,2.0,9.50743801652893,4.40123966942149,0.0,2.4374275,0.027533978,89.27298114697139
0,1,569450,3274,4.56857438016529,0.0475867768595046,54.0,2.0,9.75537190082645,4.44256198347107,0.0,2.462468,0.025040299,89.27298114697139
0,1,569450,3274,4.61616115702479,0.0475867768595037,56.0,2.0,10.003305785124,4.48388429752066,0.0,2.4870853,0.024617553,89.27298114697139
0,1,569450,3274,4.6637479338843,0.0475867768595046,58.0,2.0,10.2512396694215,4.52520661157025,0.0,2.5096946,0.022609234,89.27298114697139
0,1,569450,3274,4.7113347107438,0.0475867768595037,60.0,2.0,10.499173553719,4.56652892561983,0.0,2.5294487,0.019754112,89.27298114697139
0,1,569450,3274,4.75892148760331,0.0475867768595046,62.0,2.0,10.7471074380165,4.60785123966942,0.0,2.5476236,0.018174946,89.27298114697139
0,1,569450,3274,4.80650826446281,0.0475867768595037,64.0,2.0,10.995041322314,4.64917355371901,0.0,2.565071,0.017447501,89.27298114697139
0,1,569450,3274,4.85409504132231,0.0475867768595037,66.0,2.0,11.2429752066116,4.6904958677686,0.0,2.5790718,0.014000654,89.27298114697139
0,1,569450,3274,4.90168181818182,0.0475867768595046,68.0,2.0,11.4909090909091,4.73181818181818,0.0,2.5880039,0.008932114,89.27298114697139
0,1,569450,3274,4.94926859504132,0.0475867768595037,70.0,2.0,11.7388429752066,4.77314049586777,0.0,2.5943294,0.0063253343,89.27298114697139
0,1,569450,3274,4.99093524590164,0.041666650860317,72.0,2.0,11.905737704918,4.82581967213115,0.0,2.59406,-0.00026923418,89.27298114697139
0,1,569450,3274,5.02160737704918,0.0306721311475417,74.0,2.0,11.922131147541,4.89959016393443,0.0,2.5845296,-0.0095305145,89.27298114697139
0,1,569450,3274,5.05227950819672,0.0306721311475409,76.0,2.0,11.9385245901639,4.9733606557377,0.0,2.5841882,-0.000341326,89.27298114697139
0,1,569450,3274,5.08295163934426,0.0306721311475409,78.0,2.0,11.9549180327869,5.04713114754098,0.0,2.5799267,-0.0042615533,89.27298114697139
0,1,569450,3274,5.1136237704918,0.0306721311475409,80.0,2.0,11.9713114754098,5.12090163934426,0.0,2.579145,-0.0007816553,89.27298114697139
0,1,569450,3274,5.14429590163934,0.0306721311475409,82.0,2.0,11.9877049180328,5.19467213114754,0.0,2.6042795,0.025134623,89.27298114697139
0,1,569450,3274,5.17496803278688,0.0306721311475409,84.0,2.0,12.0040983606557,5.26844262295082,0.0,2.6332607,0.028981,89.27298114697139
0,1,569450,3274,5.20564016393443,0.0306721311475409,86.0,2.0,12.0204918032787,5.3422131147541,0.0,2.6549869,0.02172634,89.27298114697139
0,1,569450,3274,5.23631229508197,0.0306721311475417,88.0,2.0,12.0368852459016,5.41598360655738,0.0,2.671985,0.016997844,89.27298114697139
0,1,569450,3274,5.26698442622951,0.0306721311475409,90.0,2.0,12.0532786885246,5.48975409836066,0.0,2.6982782,0.026293397,89.27298114697139
0,1,569450,3274,5.29765655737705,0.0306721311475409,92.0,2.0,12.0696721311475,5.56352459016393,0.0,2.7175303,0.019251972,89.27298114697139
0,1,569450,3274,5.32832868852459,0.0306721311475409,94.0,2.0,12.0860655737705,5.63729508196721,0.0,2.7360377,0.01850757,89.27298114697139
0,1,569450,3274,5.3544,0.0260713114754099,96.0,2.0,12.1,5.7,0.0,2.7352643,-0.0007734597,89.27298114697139
0,1,569450,3277,1.06754,1.06754,2.0,2.0,10.4666666666667,3.06666666666667,0.0,0.46479958,0.46479958,89.27298114697139
0,1,569450,3277,1.97083333333333,0.903293333333333,4.0,2.0,12.5,3.2,0.0,0.92959917,0.46479958,89.27298114697139
0,1,569450,3277,2.7591,0.788266666666667,6.0,2.0,13.9,3.2,0.0,1.2613224,0.33172318,89.27298114697139
0,1,569450,3277,3.09345714285714,0.334357142857143,8.0,2.0,13.65,3.34285714285714,0.0,1.44063,0.17930767,89.27298114697139
0,1,569450,3277,3.42781428571429,0.334357142857143,10.0,2.0,13.4,3.48571428571429,0.0,1.536139,0.09550902,89.27298114697139
0,1,569450,3277,3.7095018018018,0.281687516087516,12.0,2.0,12.8756756756757,3.54954954954955,0.0,1.55596,0.019821048,89.27298114697139
0,1,569450,3277,3.78051081081081,0.0710090090090092,14.0,2.0,11.2540540540541,3.2972972972973,0.0,1.5664376,0.010477513,89.27298114697139
0,1,569450,3277,3.85151981981982,0.0710090090090092,16.0,2.0,9.63243243243243,3.04504504504505,0.0,1.5875987,0.02116105,89.27298114697139
0,1,569450,3277,3.92252882882883,0.0710090090090088,18.0,2.0,8.01081081081081,2.79279279279279,0.0,1.6177566,0.030157894,89.27298114697139
0,1,569450,3277,3.99353783783784,0.0710090090090092,20.0,2.0,6.38918918918919,2.54054054054054,0.0,1.6519692,0.03421265,89.27298114697139
0,1,569450,3277,4.06454684684685,0.0710090090090088,22.0,2.0,4.76756756756757,2.28828828828829,0.0,1.6845559,0.032586724,89.27298114697139
0,1,569450,3277,4.15113694779116,0.086590100944318,24.0,2.0,4.44538152610442,2.30963855421687,0.0,1.714558,0.030002117,89.27298114697139
0,1,569450,3277,4.24611686746988,0.0949799196787149,26.0,2.0,4.82289156626506,2.47831325301205,0.0,1.7436167,0.029058635,89.27298114697139
0,1,569450,3277,4.34109678714859,0.0949799196787149,28.0,2.0,5.2004016064257,2.64698795180723,0.0,1.7726223,0.029005677,89.27298114697139
0,1,569450,3277,4.43607670682731,0.0949799196787149,30.0,2.0,5.57791164658635,2.81566265060241,0.0,1.8014891,0.028866768,89.27298114697139
0,1,569450,3277,4.53105662650602,0.0949799196787149,32.0,2.0,5.95542168674699,2.98433734939759,0.0,1.8299017,0.02841255,89.27298114697139
0,1,569450,3277,4.62603654618474,0.0949799196787149,34.0,2.0,6.33293172690763,3.15301204819277,0.0,1.8574295,0.027527839,89.27298114697139
0,1,569450,3277,4.72101646586345,0.094979919678714,36.0,2.0,6.71044176706827,3.32168674698795,0.0,1.8838943,0.02646479,89.27298114697139
0,1,569450,3277,4.81599638554217,0.0949799196787158,38.0,2.0,7.08795180722892,3.49036144578313,0.0,1.9094672,0.025572896,89.27298114697139
0,1,569450,3277,4.91097630522088,0.094979919678714,40.0,2.0,7.46546184738956,3.65903614457831,0.0,1.93397,0.024502844,89.27298114697139
0,1,569450,3277,5.0059562248996,0.0949799196787149,42.0,2.0,7.8429718875502,3.82771084337349,0.0,1.9575837,0.023613572,89.27298114697139
0,1,569450,3277,5.10093614457831,0.0949799196787149,44.0,2.0,8.22048192771084,3.99638554216867,0.0,1.9806907,0.023107052,89.27298114697139
0,1,569450,3277,5.19591606425703,0.0949799196787149,46.0,2.0,8.59799196787149,4.16506024096386,0.0,2.0032055,0.02251494,89.27298114697139
0,1,569450,3277,5.28298666666667,0.0870706024096384,48.0,2.0,8.95,4.30833333333333,0.0,2.024721,0.02151531,89.27298114697139
0,1,569450,3277,5.33842,0.0554333333333332,50.0,2.0,9.2,4.35,0.0,2.045148,0.020427018,89.27298114697139
0,1,569450,3277,5.39385333333333,0.0554333333333341,52.0,2.0,9.45,4.39166666666667,0.0,2.0643833,0.019235313,89.27298114697139
0,1,569450,3277,5.44928666666667,0.0554333333333332,54.0,2.0,9.7,4.43333333333333,0.0,2.081377,0.016993672,89.27298114697139
0,1,569450,3277,5.50472,0.0554333333333332,56.0,2.0,9.95,4.475,0.0,2.0975528,0.016175807,89.27298114697139
0,1,569450,3277,5.56015333333333,0.0554333333333332,58.0,2.0,10.2,4.51666666666667,0.0,2.113445,0.015892267,89.27298114697139
0,1,569450,3277,5.61558666666667,0.0554333333333332,60.0,2.0,10.45,4.55833333333333,0.0,2.12769,0.0142451525,89.27298114697139
0,1,569450,3277,5.67102,0.0554333333333332,62.0,2.0,10.7,4.6,0.0,2.1392255,0.011535317,89.27298114697139
0,1,569450,3277,5.72645333333333,0.0554333333333341,64.0,2.0,10.95,4.64166666666667,0.0,2.1507618,0.01153636,89.27298114697139
0,1,569450,3277,5.78188666666667,0.0554333333333332,66.0,2.0,11.2,4.68333333333333,0.0,2.162559,0.011797249,89.27298114697139
0,1,569450,3277,5.83732,0.0554333333333332,68.0,2.0,11.45,4.725,0.0,2.1717763,0.009217143,89.27298114697139
0,1,569450,3277,5.89275333333333,0.0554333333333332,70.0,2.0,11.7,4.76666666666667,0.0,2.1778188,0.0060424507,89.27298114697139
0,1,569450,3277,5.9411212244898,0.0483678911564631,72.0,2.0,11.9032653061224,4.81469387755102,0.0,2.1808808,0.0030621886,89.27298114697139
0,1,569450,3277,5.96122734693878,0.0201061224489791,74.0,2.0,11.9195918367347,4.88816326530612,0.0,2.1772413,-0.0036394894,89.27298114697139
0,1,569450,3277,5.98133346938776,0.02010612244898,76.0,2.0,11.9359183673469,4.96163265306122,0.0,2.1654122,-0.011829138,89.27298114697139
0,1,569450,3277,6.00143959183673,0.0201061224489791,78.0,2.0,11.9522448979592,5.03510204081633,0.0,2.1584804,-0.006931722,89.27298114697139
0,1,569450,3277,6.02154571428571,0.02010612244898,80.0,2.0,11.9685714285714,5.10857142857143,0.0,2.1491616,-0.009318948,89.27298114697139
0,1,569450,3277,6.04165183673469,0.0201061224489791,82.0,2.0,11.9848979591837,5.18204081632653,0.0,2.1431403,-0.0060212314,89.27298114697139
0,1,569450,3277,6.06175795918367,0.0201061224489791,84.0,2.0,12.0012244897959,5.25551020408163,0.0,2.1648302,0.021689981,89.27298114697139
0,1,569450,3277,6.08186408163265,0.02010612244898,86.0,2.0,12.0175510204082,5.32897959183673,0.0,2.1928003,0.027969927,89.27298114697139
0,1,569450,3277,6.10197020408163,0.02010612244898,88.0,2.0,12.0338775510204,5.40244897959184,0.0,2.213166,0.020365715,89.27298114697139
0,1,569450,3277,6.12207632653061,0.0201061224489791,90.0,2.0,12.0502040816327,5.47591836734694,0.0,2.2277715,0.014605582,89.27298114697139
0,1,569450,3277,6.14218244897959,0.0201061224489791,92.0,2.0,12.0665306122449,5.54938775510204,0.0,2.247171,0.019399494,89.27298114697139
0,1,569450,3277,6.16228857142857,0.02010612244898,94.0,2.0,12.0828571428571,5.62285714285714,0.0,2.2605693,0.013398349,89.27298114697139
0,1,569450,3277,6.18239469387755,0.0201061224489791,96.0,2.0,12.0991836734694,5.69632653061225,0.0,2.2734532,0.012883842,89.27298114697139
0,1,569450,3277,6.1834,0.0010053061224493,98.0,2.0,12.1,5.7,0.0,2.266045,-0.007407993,89.27298114697139
0,1,569450,3296,11.4010587414539,11.4010587414539,2.0,2.0,14.6767545695549,2.87726139946979,0.0,9.091992,9.091992,89.27298114697139
0,1,569450,3296,14.3979715256824,2.99691278422849,4.0,2.0,16.0658759060798,2.28127403669407,0.0,11.936821,2.8448281,89.27298114697139
0,1,569450,3296,16.361,1.96302847431762,6.0,2.0,17.8,2.2271,0.0,13.6503105,1.7134905,89.27298114697139
0,1,569450,3296,17.3062380952381,0.945238095238096,8.0,2.0,18.7047619047619,2.39871904761905,0.0,14.09873,0.44841874,89.27298114697139
0,1,569450,3296,18.2514761904762,0.945238095238093,10.0,2.0,19.6095238095238,2.5703380952381,0.0,14.453634,0.3549043,89.27298114697139
0,1,569450,3296,18.5153953488372,0.26391915836102,12.0,2.0,18.8767441860465,2.55024418604651,0.0,14.647139,0.19350454,89.27298114697139
0,1,569450,3296,18.7036124031008,0.188217054263564,14.0,2.0,17.962015503876,2.5088488372093,0.0,14.760574,0.113435686,89.27298114697139
0,1,569450,3296,18.8918294573643,0.188217054263568,16.0,2.0,17.0472868217054,2.46745348837209,0.0,14.875217,0.11464295,89.27298114697139
0,1,569450,3296,19.0800465116279,0.188217054263564,18.0,2.0,16.1325581395349,2.42605813953488,0.0,14.991536,0.11631891,89.27298114697139
0,1,569450,3296,19.2682635658915,0.188217054263568,20.0,2.0,15.2178294573643,2.38466279069767,0.0,15.104783,0.11324668,89.27298114697139
0,1,569450,3296,19.456480620155,0.188217054263564,22.0,2.0,14.3031007751938,2.34326744186047,0.0,15.211059,0.106276125,89.27298114697139
0,1,569450,3296,19.5876375,0.131156879844962,24.0,2.0,13.82625,2.32787625,0.0,15.313018,0.10195854,89.27298114697139
0,1,569450,3296,19.6490541666667,0.0614166666666662,26.0,2.0,13.8845833333333,2.34426791666667,0.0,15.411458,0.09844056,89.27298114697139
0,1,569450,3296,19.7104708333333,0.0614166666666662,28.0,2.0,13.9429166666667,2.36065958333333,0.0,15.507424,0.09596622,89.27298114697139
0,1,569450,3296,19.7718875,0.0614166666666662,30.0,2.0,14.00125,2.37705125,0.0,15.600451,0.09302729,89.27298114697139
0,1,569450,3296,19.8333041666667,0.0614166666666662,32.0,2.0,14.0595833333333,2.39344291666667,0.0,15.690036,0.08958441,89.27298114697139
0,1,569450,3296,19.8947208333333,0.0614166666666698,34.0,2.0,14.1179166666667,2.40983458333333,0.0,15.77561,0.0855743,89.27298114697139
0,1,569450,3296,19.9561375,0.0614166666666662,36.0,2.0,14.17625,2.42622625,0.0,15.857175,0.08156419,89.27298114697139
0,1,569450,3296,20.0175541666667,0.0614166666666662,38.0,2.0,14.2345833333333,2.44261791666667,0.0,15.935069,0.07789448,89.27298114697139
0,1,569450,3296,20.0789708333333,0.0614166666666662,40.0,2.0,14.2929166666667,2.45900958333333,0.0,16.009563,0.074493945,89.27298114697139
0,1,569450,3296,20.1403875,0.0614166666666662,42.0,2.0,14.35125,2.47540125,0.0,16.080742,0.07117915,89.27298114697139
0,1,569450,3296,20.2018041666667,0.0614166666666662,44.0,2.0,14.4095833333333,2.49179291666667,0.0,16.148943,0.06820002,89.27298114697139
0,1,569450,3296,20.2632208333333,0.0614166666666698,46.0,2.0,14.4679166666667,2.50818458333333,0.0,16.214014,0.06507152,89.27298114697139
0,1,569450,3296,20.3038897795591,0.0406689462257823,48.0,2.0,14.5685370741483,2.50784649298597,0.0,16.27575,0.061734736,89.27298114697139
0,1,569450,3296,20.3192004008016,0.0153106212424845,50.0,2.0,14.7208416833667,2.48706092184369,0.0,16.334131,0.05838284,89.27298114697139
0,1,569450,3296,20.3345110220441,0.0153106212424881,52.0,2.0,14.8731462925852,2.4662753507014,0.0,16.389397,0.055265516,89.27298114697139
0,1,569450,3296,20.3498216432866,0.0153106212424845,54.0,2.0,15.0254509018036,2.44548977955912,0.0,16.44257,0.053173244,89.27298114697139
0,1,569450,3296,20.3651322645291,0.0153106212424845,56.0,2.0,15.177755511022,2.42470420841683,0.0,16.493788,0.051218063,89.27298114697139
0,1,569450,3296,20.3804428857715,0.0153106212424845,58.0,2.0,15.3300601202405,2.40391863727455,0.0,16.543823,0.050034523,89.27298114697139
0,1,569450,3296,20.395753507014,0.0153106212424845,60.0,2.0,15.4823647294589,2.38313306613226,0.0,16.592245,0.048422962,89.27298114697139
0,1,569450,3296,20.4110641282565,0.0153106212424845,62.0,2.0,15.6346693386774,2.36234749498998,0.0,16.636892,0.044646353,89.27298114697139
0,1,569450,3296,20.426374749499,0.0153106212424845,64.0,2.0,15.7869739478958,2.3415619238477,0.0,16.674877,0.03798464,89.27298114697139
0,1,569450,3296,20.4416853707415,0.0153106212424845,66.0,2.0,15.9392785571142,2.32077635270541,0.0,16.702454,0.027576953,89.27298114697139
0,1,569450,3296,20.456995991984,0.0153106212424845,68.0,2.0,16.0915831663327,2.29999078156313,0.0,16.716291,0.0138376355,89.27298114697139
0,1,569450,3296,20.4723066132265,0.0153106212424881,70.0,2.0,16.2438877755511,2.27920521042084,0.0,16.722656,0.0063654482,89.27298114697139
0,1,569450,3296,20.4876172344689,0.0153106212424845,72.0,2.0,16.3961923847695,2.25841963927856,0.0,16.722792,0.0001347363,89.27298114697139
0,1,569450,3296,20.488,0.0003827655310608,74.0,2.0,16.6394461616632,2.20948233475886,0.0,16.7171,-0.0056905746,89.27298114697139
0,1,569450,3296,20.488,0.0,76.0,2.0,16.8850319684973,2.15982319092179,0.0,16.706688,-0.010413319,89.27298114697139
0,1,569450,3296,20.488,0.0,78.0,2.0,17.1306177753313,2.11016404708473,0.0,16.693317,-0.013370514,89.27298114697139
0,1,569450,3296,20.488,0.0,80.0,2.0,17.3762035821654,2.06050490324766,0.0,16.675758,-0.017557621,89.27298114697139
0,1,569450,3296,20.488,0.0,82.0,2.0,17.6217893889994,2.01084575941059,0.0,16.680548,0.0047885776,89.27298114697139
0,1,569450,3296,20.488,0.0,84.0,2.0,17.8673751958335,1.96118661557353,0.0,16.70107,0.020523429,89.27298114697139
0,1,569450,3296,20.488,0.0,86.0,2.0,18.1129610026676,1.91152747173646,0.0,16.716646,0.015574187,89.27298114697139
0,1,569450,3296,20.488,0.0,88.0,2.0,18.3585468095016,1.86186832789939,0.0,16.745035,0.02838996,89.27298114697139
0,1,569450,3296,20.488,0.0,90.0,2.0,18.6041326163357,1.81220918406233,0.0,16.750225,0.0051899552,89.27298114697139
0,1,569450,3296,20.488,0.0,92.0,2.0,18.8497184231698,1.76255004022526,0.0,16.766106,0.015879452,89.27298114697139
0,1,569450,3296,20.488,0.0,94.0,2.0,19.0953042300038,1.7128908963882,0.0,16.795944,0.029838651,89.27298114697139
0,1,569450,3296,20.488,0.0,96.0,2.0,19.3,1.6715,0.0,16.792517,-0.0034260154,89.27298114697139
0,1,569450,3311,16.1932853345485,16.1932853345485,2.0,2.0,14.2088554720134,4.06323318143844,0.0,11.4902,11.4902,89.27298114697139
0,1,569450,3311,20.2155290393158,4.02224370476729,4.0,2.0,15.1928164158324,4.59699018762846,0.0,15.720476,4.2302756,89.27298114697139
0,1,569450,3311,22.1667323808261,1.95120334151031,6.0,2.0,15.3917158390241,4.92398083935557,0.0,18.240662,2.520187,89.27298114697139
0,1,569450,3311,23.2881749418546,1.12144256102849,8.0,2.0,15.2707857215087,5.59155346344423,0.0,18.705462,0.46479958,89.27298114697139
0,1,569450,3311,23.9446393933347,0.65646445148008,10.0,2.0,14.9409033459722,5.83446407237411,0.0,19.161036,0.4555739,89.27298114697139
0,1,569450,3311,24.1270381161445,0.182398722809818,12.0,2.0,14.3954367059137,5.59165159316171,0.0,19.428137,0.2671004,89.27298114697139
0,1,569450,3311,24.3094368389543,0.182398722809818,14.0,2.0,13.8499700658551,5.34883911394931,0.0,19.59331,0.1651727,89.27298114697139
0,1,569450,3311,24.4918355617641,0.182398722809818,16.0,2.0,13.3045034257966,5.10602663473691,0.0,19.740053,0.14674348,89.27298114697139
0,1,569450,3311,24.6742342845739,0.182398722809818,18.0,2.0,12.759036785738,4.86321415552451,0.0,19.896051,0.15599847,89.27298114697139
0,1,569450,3311,24.8566330073838,0.182398722809818,20.0,2.0,12.2135701456795,4.62040167631211,0.0,20.056248,0.16019651,89.27298114697139
0,1,569450,3311,25.0390317301936,0.182398722809818,22.0,2.0,11.668103505621,4.37758919709971,0.0,20.212454,0.15620703,89.27298114697139
0,1,569450,3311,25.2214304530034,0.182398722809818,24.0,2.0,11.1226368655624,4.13477671788731,0.0,20.361822,0.14936706,89.27298114697139
0,1,569450,3311,25.3512204864043,0.12979003340093,26.0,2.0,11.3428221584192,4.08603461830772,0.0,20.50495,0.14312765,89.27298114697139
0,1,569450,3311,25.4787327309576,0.127512244553284,28.0,2.0,11.5961577436244,4.04569514862354,0.0,20.643196,0.1382466,89.27298114697139
0,1,569450,3311,25.6062449755109,0.127512244553287,30.0,2.0,11.8494933288296,4.00535567893937,0.0,20.776312,0.13311633,89.27298114697139
0,1,569450,3311,25.7337572200642,0.127512244553284,32.0,2.0,12.1028289140348,3.96501620925519,0.0,20.904137,0.12782452,89.27298114697139
0,1,569450,3311,25.8612694646175,0.127512244553287,34.0,2.0,12.35616449924,3.92467673957102,0.0,21.026613,0.12247598,89.27298114697139
0,1,569450,3311,25.9887817091707,0.127512244553284,36.0,2.0,12.6095000844452,3.88433726988684,0.0,21.143597,0.11698404,89.27298114697139
0,1,569450,3311,26.116293953724,0.127512244553284,38.0,2.0,12.8628356696504,3.84399780020267,0.0,21.255281,0.111685246,89.27298114697139
0,1,569450,3311,26.2438061982773,0.127512244553287,40.0,2.0,13.1161712548556,3.80365833051849,0.0,21.361725,0.106443375,89.27298114697139
0,1,569450,3311,26.3713184428306,0.127512244553284,42.0,2.0,13.3695068400608,3.76331886083432,0.0,21.463558,0.10183209,89.27298114697139
0,1,569450,3311,26.4988306873839,0.127512244553284,44.0,2.0,13.622842425266,3.72297939115014,0.0,21.560833,0.09727594,89.27298114697139
0,1,569450,3311,26.6263429319372,0.127512244553287,46.0,2.0,13.8761780104712,3.68263992146597,0.0,21.653446,0.092612505,89.27298114697139
0,1,569450,3311,26.7435749290061,0.117231997068913,48.0,2.0,14.1103975659229,3.63706654361055,0.0,21.740953,0.08750805,89.27298114697139
0,1,569450,3311,26.7828447058824,0.0392697768762673,50.0,2.0,14.1996470588235,3.55180082352941,0.0,21.822874,0.08192006,89.27298114697139
0,1,569450,3311,26.8221144827586,0.0392697768762673,52.0,2.0,14.2888965517241,3.46653510344828,0.0,21.899084,0.076210916,89.27298114697139
0,1,569450,3311,26.8613842596349,0.0392697768762673,54.0,2.0,14.3781460446247,3.38126938336714,0.0,21.970215,0.07113063,89.27298114697139
0,1,569450,3311,26.9006540365112,0.0392697768762673,56.0,2.0,14.4673955375254,3.296003663286,0.0,22.03774,0.06752589,89.27298114697139
0,1,569450,3311,26.9399238133874,0.0392697768762673,58.0,2.0,14.556645030426,3.21073794320487,0.0,22.103394,0.065651715,89.27298114697139
0,1,569450,3311,26.9791935902637,0.0392697768762673,60.0,2.0,14.6458945233266,3.12547222312373,0.0,22.16755,0.06415579,89.27298114697139
0,1,569450,3311,27.01846336714,0.0392697768762673,62.0,2.0,14.7351440162272,3.0402065030426,0.0,22.229462,0.06191355,89.27298114697139
0,1,569450,3311,27.0577331440162,0.0392697768762673,64.0,2.0,14.8243935091278,2.95494078296146,0.0,22.287199,0.057736367,89.27298114697139
0,1,569450,3311,27.0970029208925,0.0392697768762673,66.0,2.0,14.9136430020284,2.86967506288032,0.0,22.337961,0.05076298,89.27298114697139
0,1,569450,3311,27.1362726977688,0.0392697768762709,68.0,2.0,15.002892494929,2.78440934279919,0.0,22.377697,0.039734334,89.27298114697139
0,1,569450,3311,27.175542474645,0.0392697768762673,70.0,2.0,15.0921419878296,2.69914362271805,0.0,22.403393,0.02569598,89.27298114697139
0,1,569450,3311,27.2148122515213,0.0392697768762673,72.0,2.0,15.1813914807302,2.61387790263692,0.0,22.42076,0.017367005,89.27298114697139
0,1,569450,3311,27.2403703933747,0.0255581418534412,74.0,2.0,15.2786583850932,2.58911251345756,0.0,22.430529,0.009770304,89.27298114697139
0,1,569450,3311,27.262316563147,0.0219461697722565,76.0,2.0,15.3780372670807,2.58028435610766,0.0,22.433426,0.00289613,89.27298114697139
0,1,569450,3311,27.2842627329193,0.0219461697722565,78.0,2.0,15.4774161490683,2.57145619875776,0.0,22.43164,-0.001785636,89.27298114697139
0,1,569450,3311,27.3062089026915,0.0219461697722565,80.0,2.0,15.5767950310559,2.56262804140787,0.0,22.426477,-0.0051618814,89.27298114697139
0,1,569450,3311,27.3281550724638,0.02194616977226,82.0,2.0,15.6761739130435,2.55379988405797,0.0,22.417511,-0.008966595,89.27298114697139
0,1,569450,3311,27.350101242236,0.0219461697722565,84.0,2.0,15.7755527950311,2.54497172670807,0.0,22.431992,0.01447922,89.27298114697139
0,1,569450,3311,27.3720474120083,0.0219461697722565,86.0,2.0,15.8749316770186,2.53614356935818,0.0,22.462132,0.030141205,89.27298114697139
0,1,569450,3311,27.3939935817805,0.0219461697722565,88.0,2.0,15.9743105590062,2.52731541200828,0.0,22.486277,0.024144948,89.27298114697139
0,1,569450,3311,27.4159397515528,0.0219461697722565,90.0,2.0,16.0736894409938,2.51848725465838,0.0,22.523537,0.03725928,89.27298114697139
0,1,569450,3311,27.4378859213251,0.0219461697722565,92.0,2.0,16.1730683229814,2.50965909730849,0.0,22.534838,0.011300653,89.27298114697139
0,1,569450,3311,27.4598320910973,0.0219461697722565,94.0,2.0,16.2724472049689,2.50083093995859,0.0,22.558416,0.023578793,89.27298114697139
0,1,569450,3311,27.4817782608696,0.0219461697722565,96.0,2.0,16.3718260869565,2.4920027826087,0.0,22.596102,0.037685245,89.27298114697139
0,1,569450,3311,27.488,0.0062217391304351,98.0,2.0,16.4,2.4895,0.0,22.598364,0.002262354,89.27298114697139
0,1,569450,3312,20.1592761333333,20.1592761333333,2.0,2.0,15.1,4.50089516,0.0,12.6441,12.6441,89.27298114697139
0,1,569450,3312,24.0650038644068,3.90572773107345,4.0,2.0,15.3395389830508,4.68813186779661,0.0,17.308088,4.6639876,89.27298114697139
0,1,569450,3312,26.8839869152542,2.81898305084746,6.0,2.0,15.8819118644068,5.25064034237288,0.0,20.023912,2.7158244,89.27298114697139
0,1,569450,3312,27.8381085807793,0.954121665525086,8.0,2.0,14.9772781508881,5.86989419766134,0.0,20.488712,0.46479958,89.27298114697139
0,1,569450,3312,28.4105937258212,0.572485145041874,10.0,2.0,14.2467820215235,6.02626914960962,0.0,20.952614,0.46390283,89.27298114697139
0,1,569450,3312,28.6657811774636,0.255187451642399,12.0,2.0,13.7403460645706,5.71780744882887,0.0,21.230692,0.27807796,89.27298114697139
0,1,569450,3312,28.920968629106,0.255187451642399,14.0,2.0,13.2339101076176,5.40934574804811,0.0,21.41196,0.18126774,89.27298114697139
0,1,569450,3312,29.1761560807484,0.255187451642403,16.0,2.0,12.7274741506647,5.10088404726736,0.0,21.573483,0.16152224,89.27298114697139
0,1,569450,3312,29.4313435323908,0.255187451642399,18.0,2.0,12.2210381937118,4.7924223464866,0.0,21.742916,0.16943377,89.27298114697139
0,1,569450,3312,29.6865309840332,0.255187451642399,20.0,2.0,11.7146022367588,4.48396064570584,0.0,21.916473,0.1735574,89.27298114697139
0,1,569450,3312,29.9417184356756,0.255187451642399,22.0,2.0,11.2081662798059,4.17549894492509,0.0,22.087946,0.17147267,89.27298114697139
0,1,569450,3312,30.1533974847561,0.211679049080498,24.0,2.0,11.0060975609756,3.97614916158537,0.0,22.253483,0.16553584,89.27298114697139
0,1,569450,3312,30.2974523628049,0.144054878048781,26.0,2.0,11.2771002710027,3.94638967649052,0.0,22.412329,0.15884575,89.27298114697139
0,1,569450,3312,30.4415072408537,0.144054878048781,28.0,2.0,11.5481029810298,3.91663019139566,0.0,22.564901,0.1525743,89.27298114697139
0,1,569450,3312,30.5855621189024,0.144054878048781,30.0,2.0,11.8191056910569,3.88687070630081,0.0,22.712345,0.14744335,89.27298114697139
0,1,569450,3312,30.7296169969512,0.144054878048777,32.0,2.0,12.090108401084,3.85711122120596,0.0,22.854359,0.14201322,89.27298114697139
0,1,569450,3312,30.873671875,0.144054878048781,34.0,2.0,12.3611111111111,3.82735173611111,0.0,22.990406,0.13604671,89.27298114697139
0,1,569450,3312,31.0177267530488,0.144054878048781,36.0,2.0,12.6321138211382,3.79759225101626,0.0,23.120106,0.12969992,89.27298114697139
0,1,569450,3312,31.1617816310976,0.144054878048781,38.0,2.0,12.9031165311653,3.76783276592141,0.0,23.243717,0.12361252,89.27298114697139
0,1,569450,3312,31.3058365091463,0.144054878048781,40.0,2.0,13.1741192411924,3.73807328082656,0.0,23.361639,0.11792013,89.27298114697139
0,1,569450,3312,31.4498913871951,0.144054878048777,42.0,2.0,13.4451219512195,3.70831379573171,0.0,23.474218,0.11258039,89.27298114697139
0,1,569450,3312,31.5939462652439,0.144054878048781,44.0,2.0,13.7161246612466,3.67855431063686,0.0,23.581587,0.1073679,89.27298114697139
0,1,569450,3312,31.7380011432927,0.144054878048781,46.0,2.0,13.9871273712737,3.64879482554201,0.0,23.68359,0.10200268,89.27298114697139
0,1,569450,3312,31.8430522448648,0.105051101572137,48.0,2.0,14.1521109036291,3.58711729723147,0.0,23.77993,0.09634009,89.27298114697139
0,1,569450,3312,31.9202626045303,0.0772103596655036,50.0,2.0,14.2414183648616,3.50265679548591,0.0,23.870401,0.09047219,89.27298114697139
0,1,569450,3312,31.9974729641958,0.0772103596655036,52.0,2.0,14.330725826094,3.41819629374036,0.0,23.95521,0.084807575,89.27298114697139
0,1,569450,3312,32.0746833238613,0.0772103596655036,54.0,2.0,14.4200332873265,3.3337357919948,0.0,24.035147,0.07993698,89.27298114697139
0,1,569450,3312,32.1518936835268,0.0772103596655001,56.0,2.0,14.5093407485589,3.24927529024925,0.0,24.11174,0.07659432,89.27298114697139
0,1,569450,3312,32.2291040431923,0.0772103596655072,58.0,2.0,14.5986482097913,3.16481478850369,0.0,24.186655,0.07491529,89.27298114697139
0,1,569450,3312,32.3063144028578,0.0772103596655001,60.0,2.0,14.6879556710238,3.08035428675814,0.0,24.259134,0.07247937,89.27298114697139
0,1,569450,3312,32.3835247625233,0.0772103596655072,62.0,2.0,14.7772631322562,2.99589378501258,0.0,24.327602,0.06846824,89.27298114697139
0,1,569450,3312,32.4607351221888,0.0772103596655001,64.0,2.0,14.8665705934887,2.91143328326703,0.0,24.388674,0.061071306,89.27298114697139
0,1,569450,3312,32.5379454818544,0.0772103596655072,66.0,2.0,14.9558780547211,2.82697278152147,0.0,24.438465,0.049791366,89.27298114697139
0,1,569450,3312,32.6151558415199,0.0772103596655001,68.0,2.0,15.0451855159536,2.74251227977592,0.0,24.473555,0.03508818,89.27298114697139
0,1,569450,3312,32.6923662011854,0.0772103596655072,70.0,2.0,15.134492977186,2.65805177803036,0.0,24.497498,0.023943633,89.27298114697139
0,1,569450,3312,32.7581938266001,0.0658276254147339,72.0,2.0,15.2263937605744,2.59375535426897,0.0,24.512236,0.014738411,89.27298114697139
0,1,569450,3312,32.7926922378575,0.0344984112573741,74.0,2.0,15.3254322617918,2.5849574340775,0.0,24.51944,0.0072043836,89.27298114697139
0,1,569450,3312,32.8271906491148,0.0344984112573812,76.0,2.0,15.4244707630091,2.57615951388602,0.0,24.521759,0.0023180544,89.27298114697139
0,1,569450,3312,32.8616890603722,0.0344984112573741,78.0,2.0,15.5235092642265,2.56736159369455,0.0,24.518337,-0.0034208298,89.27298114697139
0,1,569450,3312,32.8961874716296,0.0344984112573741,80.0,2.0,15.6225477654438,2.55856367350307,0.0,24.5108,-0.007538587,89.27298114697139
0,1,569450,3312,32.930685882887,0.0344984112573812,82.0,2.0,15.7215862666612,2.5497657533116,0.0,24.527136,0.016336888,89.27298114697139
0,1,569450,3312,32.9651842941444,0.0344984112573741,84.0,2.0,15.8206247678785,2.54096783312013,0.0,24.5587,0.031564534,89.27298114697139
0,1,569450,3312,32.9996827054017,0.0344984112573741,86.0,2.0,15.9196632690959,2.53216991292865,0.0,24.585049,0.026347607,89.27298114697139
0,1,569450,3312,33.0341811166591,0.0344984112573812,88.0,2.0,16.0187017703132,2.52337199273718,0.0,24.624357,0.03930971,89.27298114697139
0,1,569450,3312,33.0686795279165,0.0344984112573741,90.0,2.0,16.1177402715306,2.5145740725457,0.0,24.640028,0.015670657,89.27298114697139
0,1,569450,3312,33.1031779391739,0.0344984112573741,92.0,2.0,16.2167787727479,2.50577615235423,0.0,24.668688,0.028659433,89.27298114697139
0,1,569450,3312,33.1376763504312,0.0344984112573812,94.0,2.0,16.3158172739653,2.49697823216275,0.0,24.709885,0.041196913,89.27298114697139
0,1,569450,3312,33.167,0.0293236495687665,96.0,2.0,16.4,2.4895,0.0,24.715816,0.005931407,89.27298114697139
0,1,569450,3320,10.9512881577212,10.9512881577212,2.0,2.0,17.2164776473691,3.32261366873269,0.0,10.309908,10.309908,89.27298114697139
0,1,569450,3320,15.4383675,4.48707934227878,4.0,2.0,18.44391,3.65338686,0.0,13.937475,3.6275678,89.27298114697139
0,1,569450,3320,19.1385679666667,3.70020046666667,6.0,2.0,19.69833,4.39210445333333,0.0,16.233099,2.2956226,89.27298114697139
0,1,569450,3320,20.8832346333333,1.74466666666667,8.0,2.0,19.49833,4.39263778666667,0.0,16.697897,0.46479958,89.27298114697139
0,1,569450,3320,21.8885473937982,1.00531276046488,10.0,2.0,19.1177114724346,4.27155724366311,0.0,17.128132,0.43023315,89.27298114697139
0,1,569450,3320,22.1787950456094,0.290247651811168,12.0,2.0,18.562407985535,4.0328580082212,0.0,17.36689,0.23875868,89.27298114697139
0,1,569450,3320,22.4690426974205,0.290247651811171,14.0,2.0,18.0071044986354,3.79415877277929,0.0,17.500223,0.13333309,89.27298114697139
0,1,569450,3320,22.7592903492317,0.290247651811171,16.0,2.0,17.4518010117359,3.55545953733739,0.0,17.628916,0.12869322,89.27298114697139
0,1,569450,3320,23.0495380010429,0.290247651811168,18.0,2.0,16.8964975248363,3.31676030189548,0.0,17.765072,0.1361562,89.27298114697139
0,1,569450,3320,23.3397856528541,0.290247651811171,20.0,2.0,16.3411940379367,3.07806106645357,0.0,17.901117,0.13604549,89.27298114697139
0,1,569450,3320,23.6300333046652,0.290247651811168,22.0,2.0,15.7858905510371,2.83936183101167,0.0,18.03025,0.12913248,89.27298114697139
0,1,569450,3320,23.8912397173549,0.261206412689674,24.0,2.0,15.2938732998407,2.62747136788792,0.0,18.151825,0.121574074,89.27298114697139
0,1,569450,3320,23.9491574561941,0.057917738839194,26.0,2.0,15.2448596985664,2.6032423109913,0.0,18.266418,0.114595026,89.27298114697139
0,1,569450,3320,24.0070751950333,0.057917738839194,28.0,2.0,15.195846097292,2.57901325409468,0.0,18.376265,0.109844446,89.27298114697139
0,1,569450,3320,24.0649929338725,0.057917738839194,30.0,2.0,15.1468324960176,2.55478419719806,0.0,18.481613,0.10534948,89.27298114697139
0,1,569450,3320,24.1229106727117,0.0579177388391976,32.0,2.0,15.0978188947433,2.53055514030143,0.0,18.582695,0.10108188,89.27298114697139
0,1,569450,3320,24.1808284115509,0.057917738839194,34.0,2.0,15.0488052934689,2.50632608340481,0.0,18.679409,0.096713394,89.27298114697139
0,1,569450,3320,24.2387461503901,0.057917738839194,36.0,2.0,14.9997916921946,2.48209702650819,0.0,18.77148,0.09207195,89.27298114697139
0,1,569450,3320,24.2966638892293,0.057917738839194,38.0,2.0,14.9507780909202,2.45786796961157,0.0,18.859304,0.08782473,89.27298114697139
0,1,569450,3320,24.3545816280685,0.057917738839194,40.0,2.0,14.9017644896459,2.43363891271495,0.0,18.943419,0.08411321,89.27298114697139
0,1,569450,3320,24.4124993669076,0.057917738839194,42.0,2.0,14.8527508883715,2.40940985581832,0.0,19.024294,0.08087519,89.27298114697139
0,1,569450,3320,24.4704171057468,0.057917738839194,44.0,2.0,14.8037372870972,2.3851807989217,0.0,19.102406,0.07811284,89.27298114697139
0,1,569450,3320,24.528334844586,0.057917738839194,46.0,2.0,14.7547236858228,2.36095174202508,0.0,19.178232,0.075825006,89.27298114697139
0,1,569450,3320,24.5862525834252,0.0579177388391976,48.0,2.0,14.7057100845485,2.33672268512846,0.0,19.251677,0.07344484,89.27298114697139
0,1,569450,3320,24.593,0.0067474165747647,50.0,2.0,14.9724125,2.3361161125,0.0,19.322323,0.07064676,89.27298114697139
0,1,569450,3320,24.593,0.0,52.0,2.0,15.2807458333333,2.33862444583333,0.0,19.390068,0.0677453,89.27298114697139
0,1,569450,3320,24.593,0.0,54.0,2.0,15.5890791666667,2.34113277916667,0.0,19.454908,0.06483954,89.27298114697139
0,1,569450,3320,24.593,0.0,56.0,2.0,15.8974125,2.3436411125,0.0,19.517,0.062092185,89.27298114697139
0,1,569450,3320,24.593,0.0,58.0,2.0,16.2057458333333,2.34614944583333,0.0,19.577135,0.060135603,89.27298114697139
0,1,569450,3320,24.593,0.0,60.0,2.0,16.5140791666667,2.34865777916667,0.0,19.636007,0.058870792,89.27298114697139
0,1,569450,3320,24.593,0.0,62.0,2.0,16.8224125,2.3511661125,0.0,19.693111,0.057105154,89.27298114697139
0,1,569450,3320,24.593,0.0,64.0,2.0,17.1307458333333,2.35367444583333,0.0,19.746181,0.053070605,89.27298114697139
0,1,569450,3320,24.593,0.0,66.0,2.0,17.4390791666667,2.35618277916667,0.0,19.79209,0.04590702,89.27298114697139
0,1,569450,3320,24.593,0.0,68.0,2.0,17.7474125,2.3586911125,0.0,19.826284,0.034194827,89.27298114697139
0,1,569450,3320,24.593,0.0,70.0,2.0,18.0557458333333,2.36119944583333,0.0,19.844547,0.018263698,89.27298114697139
0,1,569450,3320,24.593,0.0,72.0,2.0,18.3640791666667,2.36370777916667,0.0,19.853031,0.0084839165,89.27298114697139
0,1,569450,3320,24.593,0.0,74.0,2.0,18.4359877800407,2.28712290427699,0.0,19.852741,-0.00029051304,89.27298114697139
0,1,569450,3320,24.593,0.0,76.0,2.0,18.4767209775967,2.20010864765784,0.0,19.843893,-0.008847803,89.27298114697139
0,1,569450,3320,24.593,0.0,78.0,2.0,18.5174541751527,2.1130943910387,0.0,19.831364,-0.012529582,89.27298114697139
0,1,569450,3320,24.593,0.0,80.0,2.0,18.5581873727088,2.02608013441955,0.0,19.814848,-0.016516566,89.27298114697139
0,1,569450,3320,24.593,0.0,82.0,2.0,18.5989205702648,1.93906587780041,0.0,19.793573,-0.02127394,89.27298114697139
0,1,569450,3320,24.593,0.0,84.0,2.0,18.6396537678208,1.85205162118126,0.0,19.793808,0.00023546815,89.27298114697139
0,1,569450,3320,24.593,0.0,86.0,2.0,18.6803869653768,1.76503736456212,0.0,19.813131,0.019322306,89.27298114697139
0,1,569450,3320,24.593,0.0,88.0,2.0,18.7211201629328,1.67802310794297,0.0,19.826801,0.013671219,89.27298114697139
0,1,569450,3320,24.593,0.0,90.0,2.0,18.7618533604888,1.59100885132383,0.0,19.856693,0.029891342,89.27298114697139
0,1,569450,3320,24.593,0.0,92.0,2.0,18.8025865580448,1.50399459470468,0.0,19.85522,-0.0014720857,89.27298114697139
0,1,569450,3320,24.593,0.0,94.0,2.0,18.8433197556008,1.41698033808554,0.0,19.866413,0.011191189,89.27298114697139
0,1,569450,3320,24.593,0.0,96.0,2.0,18.8840529531568,1.3299660814664,0.0,19.89295,0.026538014,89.27298114697139
0,1,569450,3320,24.593,0.0,98.0,2.0,18.9,1.2959,0.0,19.886137,-0.0068139434,89.27298114697139
0,1,569450,3325,1.29901953658537,1.29901953658537,2.0,2.0,18.7479658536585,3.82743085365854,0.0,0.46479958,0.46479958,89.27298114697139
0,1,569450,3325,2.17157299322034,0.872553456634973,4.0,2.0,18.6734508474576,3.62613976610169,0.0,0.92959917,0.46479958,89.27298114697139
0,1,569450,3325,2.53774248474576,0.366169491525424,6.0,2.0,18.4022644067797,2.96898722372881,0.0,1.3322568,0.40265757,89.27298114697139
0,1,569450,3325,2.8031334440678,0.265390959322034,8.0,2.0,19.0050745762712,2.94595283728814,0.0,1.5786567,0.24639995,89.27298114697139
0,1,569450,3325,2.98378977575674,0.180656331688943,10.0,2.0,19.0447956240965,2.83922888139878,0.0,1.7319354,0.15327865,89.27298114697139
0,1,569450,3325,3.08596683131996,0.102177055563223,12.0,2.0,18.550835736545,2.64921413524331,0.0,1.7755159,0.04358062,89.27298114697139
0,1,569450,3325,3.18814388688319,0.102177055563223,14.0,2.0,18.0568758489936,2.45919938908784,0.0,1.8028224,0.027306378,89.27298114697139
0,1,569450,3325,3.29032094244641,0.102177055563224,16.0,2.0,17.5629159614421,2.26918464293238,0.0,1.8415852,0.038762808,89.27298114697139
0,1,569450,3325,3.39249799800963,0.102177055563223,18.0,2.0,17.0689560738906,2.07916989677691,0.0,1.890094,0.048508883,89.27298114697139
0,1,569450,3325,3.49467505357286,0.102177055563223,20.0,2.0,16.5749961863391,1.88915515062145,0.0,1.942256,0.052161932,89.27298114697139
0,1,569450,3325,3.59685210913608,0.102177055563224,22.0,2.0,16.0810362987876,1.69914040446598,0.0,1.9911054,0.048849523,89.27298114697139
0,1,569450,3325,3.69578030443975,0.0989281953036674,24.0,2.0,15.9428583509514,1.73443331501057,0.0,2.0346198,0.04351425,89.27298114697139
0,1,569450,3325,3.79282893023256,0.0970486257928118,26.0,2.0,16.010511627907,1.90007390697674,0.0,2.0737078,0.03908801,89.27298114697139
0,1,569450,3325,3.88987755602537,0.0970486257928118,28.0,2.0,16.0781649048626,2.06571449894292,0.0,2.1098266,0.036118895,89.27298114697139
0,1,569450,3325,3.98692618181818,0.0970486257928118,30.0,2.0,16.1458181818182,2.23135509090909,0.0,2.143033,0.033206284,89.27298114697139
0,1,569450,3325,4.08397480761099,0.0970486257928118,32.0,2.0,16.2134714587738,2.39699568287526,0.0,2.1734793,0.03044635,89.27298114697139
0,1,569450,3325,4.18102343340381,0.0970486257928123,34.0,2.0,16.2811247357294,2.56263627484144,0.0,2.2014565,0.027977318,89.27298114697139
0,1,569450,3325,4.27807205919662,0.0970486257928114,36.0,2.0,16.348778012685,2.72827686680761,0.0,2.2276273,0.026170582,89.27298114697139
0,1,569450,3325,4.37512068498943,0.0970486257928123,38.0,2.0,16.4164312896406,2.89391745877378,0.0,2.2520463,0.024419248,89.27298114697139
0,1,569450,3325,4.47216931078224,0.0970486257928114,40.0,2.0,16.4840845665962,3.05955805073996,0.0,2.2744656,0.022419155,89.27298114697139
0,1,569450,3325,4.56921793657505,0.0970486257928123,42.0,2.0,16.5517378435518,3.22519864270613,0.0,2.2951326,0.020666987,89.27298114697139
0,1,569450,3325,4.66626656236786,0.0970486257928114,44.0,2.0,16.6193911205074,3.3908392346723,0.0,2.314479,0.019346654,89.27298114697139
0,1,569450,3325,4.76331518816068,0.0970486257928123,46.0,2.0,16.687044397463,3.55647982663848,0.0,2.3332374,0.018758088,89.27298114697139
0,1,569450,3325,4.79993390220833,0.0366187140476546,48.0,2.0,16.6069046346178,3.51509353949912,0.0,2.3515139,0.018276453,89.27298114697139
0,1,569450,3325,4.82223928527368,0.0223053830653459,50.0,2.0,16.4917588518321,3.42467120121726,0.0,2.3682613,0.016747624,89.27298114697139
0,1,569450,3325,4.84454466833902,0.022305383065345,52.0,2.0,16.3766130690463,3.3342488629354,0.0,2.382355,0.014093608,89.27298114697139
0,1,569450,3325,4.86685005140437,0.022305383065345,54.0,2.0,16.2614672862606,3.24382652465353,0.0,2.3932362,0.010881245,89.27298114697139
0,1,569450,3325,4.88915543446971,0.022305383065345,56.0,2.0,16.1463215034749,3.15340418637167,0.0,2.4033108,0.010074645,89.27298114697139
0,1,569450,3325,4.91146081753506,0.022305383065345,58.0,2.0,16.0311757206892,3.06298184808981,0.0,2.413408,0.010097176,89.27298114697139
0,1,569450,3325,4.9337662006004,0.0223053830653459,60.0,2.0,15.9160299379035,2.97255950980795,0.0,2.42282,0.009411931,89.27298114697139
0,1,569450,3325,4.95607158366575,0.022305383065345,62.0,2.0,15.8008841551178,2.88213717152609,0.0,2.428767,0.0059468746,89.27298114697139
0,1,569450,3325,4.97837696673109,0.022305383065345,64.0,2.0,15.6857383723321,2.79171483324423,0.0,2.4340148,0.0052478313,89.27298114697139
0,1,569450,3325,5.00068234979644,0.022305383065345,66.0,2.0,15.5705925895464,2.70129249496237,0.0,2.4390056,0.0049909353,89.27298114697139
0,1,569450,3325,5.02298773286178,0.022305383065345,68.0,2.0,15.4554468067607,2.61087015668051,0.0,2.4410303,0.0020245314,89.27298114697139
0,1,569450,3325,5.04529311592713,0.0223053830653459,70.0,2.0,15.340301023975,2.52044781839865,0.0,2.4383917,-0.0026384592,89.27298114697139
0,1,569450,3325,5.0531,0.0078068840728704,72.0,2.0,15.2904646642462,2.48665931712326,0.0,2.431765,-0.006626725,89.27298114697139
0,1,569450,3325,5.0531,0.0,74.0,2.0,15.2757949169326,2.48336595885136,0.0,2.4178228,-0.013942063,89.27298114697139
0,1,569450,3325,5.0531,0.0,76.0,2.0,15.261125169619,2.48007260057945,0.0,2.3971684,-0.02065453,89.27298114697139
0,1,569450,3325,5.0531,0.0,78.0,2.0,15.2464554223054,2.47677924230755,0.0,2.379003,-0.01816544,89.27298114697139
0,1,569450,3325,5.0531,0.0,80.0,2.0,15.2317856749917,2.47348588403565,0.0,2.3603256,-0.018677413,89.27298114697139
0,1,569450,3325,5.0531,0.0,82.0,2.0,15.2171159276781,2.47019252576374,0.0,2.3430085,-0.017316937,89.27298114697139
0,1,569450,3325,5.0531,0.0,84.0,2.0,15.2024461803645,2.46689916749184,0.0,2.3507173,0.0077086687,89.27298114697139
0,1,569450,3325,5.0531,0.0,86.0,2.0,15.1877764330509,2.46360580921994,0.0,2.3664691,0.015751839,89.27298114697139
0,1,569450,3325,5.0531,0.0,88.0,2.0,15.1731066857373,2.46031245094803,0.0,2.3788073,0.012338281,89.27298114697139
0,1,569450,3325,5.0531,0.0,90.0,2.0,15.1584369384237,2.45701909267613,0.0,2.3861077,0.007300377,89.27298114697139
0,1,569450,3325,5.0531,0.0,92.0,2.0,15.1437671911101,2.45372573440422,0.0,2.3938026,0.007694781,89.27298114697139
0,1,569450,3325,5.0531,0.0,94.0,2.0,15.1290974437965,2.45043237613232,0.0,2.3952408,0.0014383197,89.27298114697139
0,1,569450,3325,5.0531,0.0,96.0,2.0,15.1144276964829,2.44713901786042,0.0,2.400349,0.0051080585,89.27298114697139
0,1,569450,3325,5.0531,0.0,98.0,2.0,15.1,2.4439,0.0,2.384985,-0.015363961,89.27298114697139
0,1,569450,3328,2.45783392201124,2.45783392201124,2.0,2.0,14.1999896723174,7.34314548311424,0.0,0.46479958,0.46479958,89.27298114697139
0,1,569450,3328,4.35508596,1.89725203798876,4.0,2.0,15.48998,7.57578193666667,0.0,0.92959917,0.46479958,89.27298114697139
0,1,569450,3328,5.99748596,1.6424,6.0,2.0,16.68998,7.42624860333333,0.0,1.3812518,0.4516527,89.27298114697139
0,1,569450,3328,6.87690350283243,0.879417542832434,8.0,2.0,17.3648007240304,6.56168977977408,0.0,1.6977895,0.31653768,89.27298114697139
0,1,569450,3328,7.3664243902439,0.489520887411468,10.0,2.0,17.5675958188153,5.8875149825784,0.0,1.9233252,0.22553562,89.27298114697139
0,1,569450,3328,7.47247317073171,0.106048780487805,12.0,2.0,17.302787456446,5.40974494773519,0.0,2.0063741,0.08304906,89.27298114697139
0,1,569450,3328,7.57852195121951,0.106048780487805,14.0,2.0,17.0379790940767,4.93197491289199,0.0,2.0426593,0.036285102,89.27298114697139
0,1,569450,3328,7.68457073170732,0.106048780487805,16.0,2.0,16.7731707317073,4.45420487804878,0.0,2.0819132,0.03925386,89.27298114697139
0,1,569450,3328,7.79061951219512,0.106048780487805,18.0,2.0,16.508362369338,3.97643484320557,0.0,2.1326623,0.050749093,89.27298114697139
0,1,569450,3328,7.89666829268293,0.106048780487805,20.0,2.0,16.2435540069686,3.49866480836237,0.0,2.1881723,0.055510014,89.27298114697139
0,1,569450,3328,8.00271707317073,0.106048780487805,22.0,2.0,15.9787456445993,3.02089477351916,0.0,2.240991,0.052818894,89.27298114697139
0,1,569450,3328,8.0743,0.0715829268292687,24.0,2.0,15.9381778741866,2.67337852494577,0.0,2.2873516,0.046360463,89.27298114697139
0,1,569450,3328,8.0743,0.0,26.0,2.0,16.3633405639913,2.59638937093276,0.0,2.3273468,0.039995193,89.27298114697139
0,1,569450,3328,8.0743,0.0,28.0,2.0,16.7885032537961,2.51940021691974,0.0,2.3621821,0.03483522,89.27298114697139
0,1,569450,3328,8.0743,0.0,30.0,2.0,17.2136659436009,2.44241106290672,0.0,2.392369,0.03018707,89.27298114697139
0,1,569450,3328,8.0743,0.0,32.0,2.0,17.6388286334056,2.36542190889371,0.0,2.4179313,0.025562108,89.27298114697139
0,1,569450,3328,8.0743,0.0,34.0,2.0,18.0639913232104,2.28843275488069,0.0,2.4387224,0.020791233,89.27298114697139
0,1,569450,3328,8.0743,0.0,36.0,2.0,18.4891540130152,2.21144360086768,0.0,2.455286,0.016563654,89.27298114697139
0,1,569450,3328,8.0743,0.0,38.0,2.0,18.91431670282,2.13445444685466,0.0,2.4689422,0.013656139,89.27298114697139
0,1,569450,3328,8.0743,0.0,40.0,2.0,19.3394793926247,2.05746529284165,0.0,2.4803412,0.011399031,89.27298114697139
0,1,569450,3328,8.0743,0.0,42.0,2.0,19.7646420824295,1.98047613882863,0.0,2.4892066,0.008865237,89.27298114697139
0,1,569450,3328,8.0743,0.0,44.0,2.0,20.1898047722343,1.90348698481562,0.0,2.4962633,0.0070567727,89.27298114697139
0,1,569450,3328,8.0743,0.0,46.0,2.0,20.614967462039,1.8264978308026,0.0,2.5015817,0.0053183436,89.27298114697139
0,1,569450,3328,8.0743,0.0,48.0,2.0,20.5969818913481,1.82736398390342,0.0,2.5050724,0.003490746,89.27298114697139
0,1,569450,3328,8.0743,0.0,50.0,2.0,20.4682092555332,1.8476939637827,0.0,2.5071912,0.0021188855,89.27298114697139
0,1,569450,3328,8.0743,0.0,52.0,2.0,20.3394366197183,1.86802394366197,0.0,2.507869,0.0006777346,89.27298114697139
0,1,569450,3328,8.0743,0.0,54.0,2.0,20.2106639839034,1.88835392354125,0.0,2.5077093,-0.00015985966,89.27298114697139
0,1,569450,3328,8.0743,0.0,56.0,2.0,20.0818913480885,1.90868390342052,0.0,2.5081668,0.00045767426,89.27298114697139
0,1,569450,3328,8.0743,0.0,58.0,2.0,19.9531187122736,1.9290138832998,0.0,2.5101454,0.0019785166,89.27298114697139
0,1,569450,3328,8.0743,0.0,60.0,2.0,19.8243460764588,1.94934386317907,0.0,2.5127764,0.0026310086,89.27298114697139
0,1,569450,3328,8.0743,0.0,62.0,2.0,19.6955734406439,1.96967384305835,0.0,2.51286,8.371472e-05,89.27298114697139
0,1,569450,3328,8.0743,0.0,64.0,2.0,19.566800804829,1.99000382293763,0.0,2.5105588,-0.0023011565,89.27298114697139
0,1,569450,3328,8.0743,0.0,66.0,2.0,19.4380281690141,2.0103338028169,0.0,2.5083017,-0.0022571385,89.27298114697139
0,1,569450,3328,8.0743,0.0,68.0,2.0,19.3092555331992,2.03066378269618,0.0,2.5039296,-0.004372269,89.27298114697139
0,1,569450,3328,8.0743,0.0,70.0,2.0,19.1804828973843,2.05099376257545,0.0,2.494769,-0.009160429,89.27298114697139
0,1,569450,3328,8.0743,0.0,72.0,2.0,19.1060525360126,2.09464661663237,0.0,2.4809518,-0.01381731,89.27298114697139
0,1,569450,3328,8.0743,0.0,74.0,2.0,19.1221926320462,2.17717092765202,0.0,2.4600706,-0.020881265,89.27298114697139
0,1,569450,3328,8.0743,0.0,76.0,2.0,19.1383327280797,2.25969523867167,0.0,2.4321842,-0.027886271,89.27298114697139
0,1,569450,3328,8.0743,0.0,78.0,2.0,19.1544728241133,2.34221954969132,0.0,2.4059858,-0.026198328,89.27298114697139
0,1,569450,3328,8.0743,0.0,80.0,2.0,19.1706129201469,2.42474386071097,0.0,2.3808417,-0.02514413,89.27298114697139
0,1,569450,3328,8.0743,0.0,82.0,2.0,19.1867530161804,2.50726817173062,0.0,2.3561723,-0.024669439,89.27298114697139
0,1,569450,3328,8.0743,0.0,84.0,2.0,19.202893112214,2.58979248275027,0.0,2.357275,0.0011027753,89.27298114697139
0,1,569450,3328,8.0743,0.0,86.0,2.0,19.2190332082476,2.67231679376992,0.0,2.3677752,0.010499984,89.27298114697139
0,1,569450,3328,8.0743,0.0,88.0,2.0,19.2351733042812,2.75484110478957,0.0,2.375232,0.0074569285,89.27298114697139
0,1,569450,3328,8.0743,0.0,90.0,2.0,19.2513134003147,2.83736541580922,0.0,2.3802764,0.00504452,89.27298114697139
0,1,569450,3328,8.0743,0.0,92.0,2.0,19.2674534963483,2.91988972682887,0.0,2.3815129,0.0012362599,89.27298114697139
0,1,569450,3328,8.0743,0.0,94.0,2.0,19.2835935923819,3.00241403784853,0.0,2.3758264,-0.0056865513,89.27298114697139
0,1,569450,3328,8.0743,0.0,96.0,2.0,19.2997336884154,3.08493834886818,0.0,2.3786635,0.00283733,89.27298114697139
0,1,569450,3328,8.0743,0.0,98.0,2.0,19.3,3.0863,0.0,2.360217,-0.018446594,89.27298114697139
0,1,569450,3340,0.52975276069141,0.52975276069141,2.0,2.0,19.8675195127927,3.72472693940409,0.0,0.46479958,0.46479958,89.27298114697139
0,1,569450,3340,1.100546154,0.570793393308589,4.0,2.0,21.81503,3.99502671,0.0,0.92959917,0.46479958,89.27298114697139
0,1,569450,3340,1.64913229333333,0.548586139333334,6.0,2.0,23.61002,3.63382576333333,0.0,1.3616576,0.43205848,89.27298114697139
0,1,569450,3340,2.12006562666667,0.470933333333333,8.0,2.0,24.81002,3.61295909666667,0.0,1.6424648,0.28080714,89.27298114697139
0,1,569450,3340,2.3920188528675,0.271953226200833,10.0,2.0,24.9406180854103,3.53644091443683,0.0,1.8204362,0.17797145,89.27298114697139
0,1,569450,3340,2.4715287434301,0.0795098905626026,12.0,2.0,24.0369455869552,3.40609944583613,0.0,1.8675196,0.047083378,89.27298114697139
0,1,569450,3340,2.5510386339927,0.0795098905626026,14.0,2.0,23.1332730885001,3.27575797723543,0.0,1.8874748,0.019955128,89.27298114697139
0,1,569450,3340,2.63054852455531,0.0795098905626026,16.0,2.0,22.229600590045,3.14541650863472,0.0,1.919752,0.032277286,89.27298114697139
0,1,569450,3340,2.71005841511791,0.0795098905626022,18.0,2.0,21.3259280915899,3.01507504003402,0.0,1.9628476,0.04309559,89.27298114697139
0,1,569450,3340,2.78956830568051,0.079509890562603,20.0,2.0,20.4222555931348,2.88473357143332,0.0,2.0093284,0.046480745,89.27298114697139
0,1,569450,3340,2.86907819624311,0.0795098905626022,22.0,2.0,19.5185830946796,2.75439210283261,0.0,2.0536296,0.0443013,89.27298114697139
0,1,569450,3340,2.94858808680572,0.0795098905626026,24.0,2.0,18.6149105962245,2.62405063423191,0.0,2.0944226,0.04079297,89.27298114697139
0,1,569450,3340,3.02529212474012,0.0767040379344079,26.0,2.0,18.9353305613306,2.62957170893971,0.0,2.1319258,0.037503213,89.27298114697139
0,1,569450,3340,3.10194908939709,0.0766569646569644,28.0,2.0,19.2762869022869,2.63737212474012,0.0,2.167102,0.035176218,89.27298114697139
0,1,569450,3340,3.17860605405405,0.0766569646569648,30.0,2.0,19.6172432432432,2.64517254054054,0.0,2.199881,0.032779127,89.27298114697139
0,1,569450,3340,3.25526301871102,0.0766569646569648,32.0,2.0,19.9581995841996,2.65297295634096,0.0,2.230154,0.030272722,89.27298114697139
0,1,569450,3340,3.33191998336798,0.0766569646569648,34.0,2.0,20.2991559251559,2.66077337214137,0.0,2.258379,0.028224945,89.27298114697139
0,1,569450,3340,3.40857694802495,0.0766569646569644,36.0,2.0,20.6401122661123,2.66857378794179,0.0,2.2843904,0.026011527,89.27298114697139
0,1,569450,3340,3.48523391268191,0.0766569646569648,38.0,2.0,20.9810686070686,2.6763742037422,0.0,2.3078413,0.023450792,89.27298114697139
0,1,569450,3340,3.56189087733888,0.0766569646569648,40.0,2.0,21.3220249480249,2.68417461954262,0.0,2.328344,0.020502925,89.27298114697139
0,1,569450,3340,3.63854784199584,0.0766569646569644,42.0,2.0,21.6629812889813,2.69197503534304,0.0,2.346058,0.017713696,89.27298114697139
0,1,569450,3340,3.71520480665281,0.0766569646569648,44.0,2.0,22.0039376299376,2.69977545114345,0.0,2.3614013,0.0153436065,89.27298114697139
0,1,569450,3340,3.79186177130977,0.0766569646569648,46.0,2.0,22.344893970894,2.70757586694387,0.0,2.3754492,0.0140476525,89.27298114697139
0,1,569450,3340,3.86851873596674,0.0766569646569648,48.0,2.0,22.6858503118503,2.71537628274428,0.0,2.3882241,0.012775093,89.27298114697139
0,1,569450,3340,3.8717,0.0031812640332638,50.0,2.0,22.8442739474014,2.65092099761676,0.0,2.3990529,0.010828763,89.27298114697139
0,1,569450,3340,3.8717,0.0,52.0,2.0,22.9947944976377,2.58333727056069,0.0,2.4075334,0.008480549,89.27298114697139
0,1,569450,3340,3.8717,0.0,54.0,2.0,23.1453150478739,2.51575354350462,0.0,2.41327,0.0057365,89.27298114697139
0,1,569450,3340,3.8717,0.0,56.0,2.0,23.2958355981101,2.44816981644855,0.0,2.4181683,0.0048983693,89.27298114697139
0,1,569450,3340,3.8717,0.0,58.0,2.0,23.4463561483464,2.38058608939248,0.0,2.4242077,0.006039411,89.27298114697139
0,1,569450,3340,3.8717,0.0,60.0,2.0,23.5968766985826,2.31300236233641,0.0,2.430808,0.006600201,89.27298114697139
0,1,569450,3340,3.8717,0.0,62.0,2.0,23.7473972488188,2.24541863528034,0.0,2.4356065,0.0047985613,89.27298114697139
0,1,569450,3340,3.8717,0.0,64.0,2.0,23.8979177990551,2.17783490822428,0.0,2.4387007,0.0030941665,89.27298114697139
0,1,569450,3340,3.8717,0.0,66.0,2.0,24.0484383492913,2.11025118116821,0.0,2.4383962,-0.00030437112,89.27298114697139
0,1,569450,3340,3.8717,0.0,68.0,2.0,24.1989588995275,2.04266745411214,0.0,2.4333572,-0.0050390065,89.27298114697139
0,1,569450,3340,3.8717,0.0,70.0,2.0,24.3494794497638,1.97508372705607,0.0,2.4219222,-0.011434972,89.27298114697139
0,1,569450,3340,3.8717,0.0,72.0,2.0,24.5,1.9075,0.0,2.4044535,-0.01746878,89.27298114697139
0,1,569450,3340,3.8717,0.0,74.0,2.0,24.6224489795918,1.8732387755102,0.0,2.3811903,-0.023263246,89.27298114697139
0,1,569450,3340,3.8717,0.0,76.0,2.0,24.7448979591837,1.83897755102041,0.0,2.3499026,-0.03128755,89.27298114697139
0,1,569450,3340,3.8717,0.0,78.0,2.0,24.8673469387755,1.80471632653061,0.0,2.3204765,-0.029426157,89.27298114697139
0,1,569450,3340,3.8717,0.0,80.0,2.0,24.9897959183673,1.77045510204082,0.0,2.2911453,-0.029331297,89.27298114697139
0,1,569450,3340,3.8717,0.0,82.0,2.0,25.1122448979592,1.73619387755102,0.0,2.2608798,-0.03026563,89.27298114697139
0,1,569450,3340,3.8717,0.0,84.0,2.0,25.234693877551,1.70193265306122,0.0,2.2510834,-0.009796172,89.27298114697139
0,1,569450,3340,3.8717,0.0,86.0,2.0,25.3571428571429,1.66767142857143,0.0,2.2515519,0.0004683137,89.27298114697139
0,1,569450,3340,3.8717,0.0,88.0,2.0,25.4795918367347,1.63341020408163,0.0,2.248878,-0.0026737154,89.27298114697139
0,1,569450,3340,3.8717,0.0,90.0,2.0,25.6020408163265,1.59914897959184,0.0,2.2482734,-0.0006046295,89.27298114697139
0,1,569450,3340,3.8717,0.0,92.0,2.0,25.7244897959184,1.56488775510204,0.0,2.2399225,-0.008350849,89.27298114697139
0,1,569450,3340,3.8717,0.0,94.0,2.0,25.8469387755102,1.53062653061224,0.0,2.2234185,-0.016504198,89.27298114697139
0,1,569450,3340,3.8717,0.0,96.0,2.0,25.969387755102,1.49636530612245,0.0,2.2206378,-0.0027805865,89.27298114697139
0,1,569450,3340,3.8717,0.0,98.0,2.0,26.0,1.4878,0.0,2.196887,-0.023750782,89.27298114697139
0,1,569450,3354,0.0466986497319628,0.0466986497319628,2.0,2.0,8.6901588550632,3.4591819210151,0.0,0.46479958,0.46479958,89.27298114697139
0,1,569450,3354,0.252627457627119,0.205928807895156,4.0,2.0,9.03220338983051,3.68191016949153,0.0,0.92959917,0.46479958,89.27298114697139
0,1,569450,3354,0.58118,0.328552542372881,6.0,2.0,9.1,3.5133,0.0,1.2058179,0.27621883,89.27298114697139
0,1,569450,3354,0.58118,0.0,8.0,2.0,8.70221434017304,3.95040014253986,0.0,1.3253914,0.119573444,89.27298114697139
0,1,569450,3354,0.58118,0.0,10.0,2.0,8.18585266736101,4.11871116655911,0.0,1.3568265,0.031435043,89.27298114697139
0,1,569450,3354,0.58118,0.0,12.0,2.0,7.54688728011604,4.0091030440311,0.0,1.34377,-0.013056487,89.27298114697139
0,1,569450,3354,0.58118,0.0,14.0,2.0,6.90792189287106,3.8994949215031,0.0,1.335649,-0.008121043,89.27298114697139
0,1,569450,3354,0.58118,0.0,16.0,2.0,6.26895650562609,3.7898867989751,0.0,1.3479816,0.012332648,89.27298114697139
0,1,569450,3354,0.58118,0.0,18.0,2.0,5.62999111838112,3.6802786764471,0.0,1.3728671,0.024885476,89.27298114697139
0,1,569450,3354,0.58118,0.0,20.0,2.0,4.99102573113614,3.57067055391909,0.0,1.4010022,0.02813512,89.27298114697139
0,1,569450,3354,0.58118,0.0,22.0,2.0,4.35206034389117,3.46106243139109,0.0,1.4262958,0.025293618,89.27298114697139
0,1,569450,3354,0.58118,0.0,24.0,2.0,3.7130949566462,3.35145430886309,0.0,1.4479663,0.02167046,89.27298114697139
0,1,569450,3354,0.58118,0.0,26.0,2.0,3.63311696417426,3.33768518703449,0.0,1.4665246,0.018558383,89.27298114697139
0,1,569450,3354,0.58118,0.0,28.0,2.0,3.83284234178005,3.37187151416802,0.0,1.4836742,0.017149508,89.27298114697139
0,1,569450,3354,0.58118,0.0,30.0,2.0,4.03256771938584,3.40605784130154,0.0,1.5000762,0.016402006,89.27298114697139
0,1,569450,3354,0.58118,0.0,32.0,2.0,4.23229309699164,3.44024416843507,0.0,1.5157158,0.015639722,89.27298114697139
0,1,569450,3354,0.58118,0.0,34.0,2.0,4.43201847459743,3.47443049556859,0.0,1.5304315,0.014715642,89.27298114697139
0,1,569450,3354,0.58118,0.0,36.0,2.0,4.63174385220322,3.50861682270212,0.0,1.5439694,0.013537794,89.27298114697139
0,1,569450,3354,0.58118,0.0,38.0,2.0,4.83146922980901,3.54280314983564,0.0,1.5564156,0.012446165,89.27298114697139
0,1,569450,3354,0.58118,0.0,40.0,2.0,5.0311946074148,3.57698947696917,0.0,1.5680209,0.011605442,89.27298114697139
0,1,569450,3354,0.58118,0.0,42.0,2.0,5.2309199850206,3.61117580410269,0.0,1.5793998,0.0113788545,89.27298114697139
0,1,569450,3354,0.58118,0.0,44.0,2.0,5.43064536262639,3.64536213123622,0.0,1.5905266,0.011126757,89.27298114697139
0,1,569450,3354,0.58118,0.0,46.0,2.0,5.63037074023218,3.67954845836974,0.0,1.6011972,0.010670751,89.27298114697139
0,1,569450,3354,0.58118,0.0,48.0,2.0,5.83009611783797,3.71373478550327,0.0,1.6108749,0.009677529,89.27298114697139
0,1,569450,3354,0.58118,0.0,50.0,2.0,5.98102380853451,3.66824331657456,0.0,1.6192939,0.008419126,89.27298114697139
0,1,569450,3354,0.58118,0.0,52.0,2.0,6.10567582166452,3.57984841899697,0.0,1.6264642,0.0071703196,89.27298114697139
0,1,569450,3354,0.58118,0.0,54.0,2.0,6.23032783479453,3.49145352141937,0.0,1.6330786,0.0066143274,89.27298114697139
0,1,569450,3354,0.58118,0.0,56.0,2.0,6.35497984792454,3.40305862384177,0.0,1.640233,0.0071544945,89.27298114697139
0,1,569450,3354,0.58118,0.0,58.0,2.0,6.47963186105456,3.31466372626418,0.0,1.6484051,0.008171946,89.27298114697139
0,1,569450,3354,0.58118,0.0,60.0,2.0,6.60428387418457,3.22626882868658,0.0,1.6561917,0.0077866614,89.27298114697139
0,1,569450,3354,0.58118,0.0,62.0,2.0,6.72893588731458,3.13787393110899,0.0,1.6609604,0.004768729,89.27298114697139
0,1,569450,3354,0.58118,0.0,64.0,2.0,6.85358790044459,3.04947903353139,0.0,1.6626269,0.0016663969,89.27298114697139
0,1,569450,3354,0.58118,0.0,66.0,2.0,6.9782399135746,2.9610841359538,0.0,1.6621418,-0.0004850924,89.27298114697139
0,1,569450,3354,0.58118,0.0,68.0,2.0,7.10289192670462,2.8726892383762,0.0,1.6627235,0.00058180094,89.27298114697139
0,1,569450,3354,0.58118,0.0,70.0,2.0,7.22754393983463,2.7842943407986,0.0,1.6623411,-0.0003823638,89.27298114697139
0,1,569450,3354,0.58118,0.0,72.0,2.0,7.35219595296464,2.69589944322101,0.0,1.6572578,-0.005083412,89.27298114697139
0,1,569450,3354,0.58118,0.0,74.0,2.0,7.42073750157676,2.6797564857251,0.0,1.6445355,-0.012722254,89.27298114697139
0,1,569450,3354,0.58118,0.0,76.0,2.0,7.45437497372072,2.70855857124837,0.0,1.6218462,-0.022689253,89.27298114697139
0,1,569450,3354,0.58118,0.0,78.0,2.0,7.48801244586469,2.73736065677164,0.0,1.5923564,-0.029489845,89.27298114697139
0,1,569450,3354,0.58118,0.0,80.0,2.0,7.52164991800866,2.76616274229492,0.0,1.5658374,-0.02651903,89.27298114697139
0,1,569450,3354,0.58118,0.0,82.0,2.0,7.55528739015263,2.79496482781819,0.0,1.540884,-0.024953365,89.27298114697139
0,1,569450,3354,0.58118,0.0,84.0,2.0,7.5889248622966,2.82376691334146,0.0,1.5500085,0.009124458,89.27298114697139
0,1,569450,3354,0.58118,0.0,86.0,2.0,7.62256233444057,2.85256899886474,0.0,1.5709499,0.020941436,89.27298114697139
0,1,569450,3354,0.58118,0.0,88.0,2.0,7.65619980658454,2.88137108438801,0.0,1.581337,0.010387063,89.27298114697139
0,1,569450,3354,0.58118,0.0,90.0,2.0,7.6898372787285,2.91017316991128,0.0,1.5834565,0.0021195114,89.27298114697139
0,1,569450,3354,0.58118,0.0,92.0,2.0,7.72347475087247,2.93897525543455,0.0,1.5825107,-0.0009457171,89.27298114697139
0,1,569450,3354,0.58118,0.0,94.0,2.0,7.75711222301644,2.96777734095783,0.0,1.5780771,-0.0044336617,89.27298114697139
0,1,569450,3354,0.58118,0.0,96.0,2.0,7.79074969516041,2.9965794264811,0.0,1.5731535,-0.0049236715,89.27298114697139
0,1,569450,3354,0.58118,0.0,98.0,2.0,7.8,3.0045,0.0,1.5452607,-0.027892828,89.27298114697139
0,1,569450,3355,0.453095,0.453095,2.0,2.0,8.75,3.5334,0.0,0.56633306,0.56633306,89.27298114697139
0,1,569450,3355,0.745945328479455,0.292850328479455,4.0,2.0,9.03370748643274,3.70028400579769,0.0,1.2369938,0.6706608,89.27298114697139
0,1,569450,3355,0.916610117693601,0.170664789214146,6.0,2.0,9.09121748590644,3.55699617248541,0.0,1.6795859,0.4425921,89.27298114697139
0,1,569450,3355,1.03613670589787,0.119526588204266,8.0,2.0,8.56373916196881,3.9891987241618,0.0,2.0062604,0.32667452,89.27298114697139
0,1,569450,3355,1.11560551988065,0.0794688139827844,10.0,2.0,7.98865538042421,4.1464753259389,0.0,2.283895,0.27763462,89.27298114697139
0,1,569450,3355,1.15501655964195,0.0394110397613023,12.0,2.0,7.36596614127262,4.0288259778167,0.0,2.4714665,0.18757153,89.27298114697139
0,1,569450,3355,1.19442759940326,0.0394110397613026,14.0,2.0,6.74327690212104,3.91117662969449,0.0,2.6343436,0.16287702,89.27298114697139
0,1,569450,3355,1.23383863916456,0.0394110397613023,16.0,2.0,6.12058766296945,3.79352728157229,0.0,2.789041,0.15469727,89.27298114697139
0,1,569450,3355,1.27324967892586,0.0394110397613026,18.0,2.0,5.49789842381786,3.67587793345009,0.0,2.947141,0.15809995,89.27298114697139
0,1,569450,3355,1.31266071868716,0.0394110397613023,20.0,2.0,4.87520918466628,3.55822858532788,0.0,3.106441,0.15930006,89.27298114697139
0,1,569450,3355,1.35207175844847,0.0394110397613023,22.0,2.0,4.25251994551469,3.44057923720568,0.0,3.2655985,0.15915763,89.27298114697139
0,1,569450,3355,1.39148279820977,0.0394110397613026,24.0,2.0,3.62983070636311,3.32292988908348,0.0,3.421067,0.15546837,89.27298114697139
0,1,569450,3355,1.43046126789705,0.038978469687277,26.0,2.0,3.65721261276173,3.32639039559712,0.0,3.571555,0.15048787,89.27298114697139
0,1,569450,3355,1.46932578829761,0.0388645204005627,28.0,2.0,3.8558387817595,3.3617541297691,0.0,3.7154603,0.14390555,89.27298114697139
0,1,569450,3355,1.50819030869817,0.0388645204005629,30.0,2.0,4.05446495075726,3.39711786394107,0.0,3.8515062,0.1360459,89.27298114697139
0,1,569450,3355,1.54705482909873,0.0388645204005627,32.0,2.0,4.25309111975503,3.43248159811305,0.0,3.9785676,0.1270614,89.27298114697139
0,1,569450,3355,1.5859193494993,0.0388645204005629,34.0,2.0,4.45171728875279,3.46784533228503,0.0,4.096627,0.118059576,89.27298114697139
0,1,569450,3355,1.62478386989986,0.0388645204005629,36.0,2.0,4.65034345775056,3.50320906645701,0.0,4.2061253,0.10949823,89.27298114697139
0,1,569450,3355,1.66364839030042,0.0388645204005627,38.0,2.0,4.84896962674832,3.53857280062898,0.0,4.309009,0.102883756,89.27298114697139
0,1,569450,3355,1.70251291070098,0.0388645204005629,40.0,2.0,5.04759579574609,3.57393653480096,0.0,4.406037,0.09702748,89.27298114697139
0,1,569450,3355,1.74137743110155,0.0388645204005627,42.0,2.0,5.24622196474385,3.60930026897294,0.0,4.497128,0.091091454,89.27298114697139
0,1,569450,3355,1.78024195150211,0.0388645204005629,44.0,2.0,5.44484813374162,3.64466400314491,0.0,4.582081,0.08495256,89.27298114697139
0,1,569450,3355,1.81910647190267,0.0388645204005627,46.0,2.0,5.64347430273939,3.68002773731689,0.0,4.661129,0.079048455,89.27298114697139
0,1,569450,3355,1.85797099230324,0.0388645204005629,48.0,2.0,5.84210047173715,3.71539147148887,0.0,4.7350054,0.07387641,89.27298114697139
0,1,569450,3355,1.88718429273208,0.0292133004288462,50.0,2.0,5.989242977705,3.66236128395684,0.0,4.804421,0.06941545,89.27298114697139
0,1,569450,3355,1.91242676659529,0.0252424738632069,52.0,2.0,6.1152034261242,3.57296295503212,0.0,4.8700886,0.06566748,89.27298114697139
0,1,569450,3355,1.9376692404585,0.0252424738632071,54.0,2.0,6.24116387454339,3.4835646261074,0.0,4.9324055,0.062316865,89.27298114697139
0,1,569450,3355,1.9629117143217,0.0252424738632069,56.0,2.0,6.36712432296259,3.39416629718268,0.0,4.9910464,0.058641255,89.27298114697139
0,1,569450,3355,1.98815418818491,0.0252424738632069,58.0,2.0,6.49308477138179,3.30476796825797,0.0,5.0465918,0.05554506,89.27298114697139
0,1,569450,3355,2.01339666204812,0.0252424738632071,60.0,2.0,6.61904521980098,3.21536963933325,0.0,5.0979486,0.051356703,89.27298114697139
0,1,569450,3355,2.03863913591132,0.0252424738632069,62.0,2.0,6.74500566822018,3.12597131040853,0.0,5.145313,0.047364354,89.27298114697139
0,1,569450,3355,2.06388160977453,0.0252424738632069,64.0,2.0,6.87096611663938,3.03657298148381,0.0,5.188619,0.0433065,89.27298114697139
0,1,569450,3355,2.08912408363774,0.0252424738632069,66.0,2.0,6.99692656505857,2.9471746525591,0.0,5.232123,0.043503433,89.27298114697139
0,1,569450,3355,2.11436655750094,0.0252424738632073,68.0,2.0,7.12288701347777,2.85777632363438,0.0,5.2704415,0.038318872,89.27298114697139
0,1,569450,3355,2.13960903136415,0.0252424738632069,70.0,2.0,7.24884746189696,2.76837799470966,0.0,5.2980027,0.027561218,89.27298114697139
0,1,569450,3355,2.16485150522736,0.0252424738632069,72.0,2.0,7.37480791031616,2.67897966578494,0.0,5.320344,0.02234134,89.27298114697139
0,1,569450,3355,2.17714955517855,0.0122980499511907,74.0,2.0,7.4264823933463,2.68338493400091,0.0,5.334786,0.014441907,89.27298114697139
0,1,569450,3355,2.18621149915174,0.0090619439731867,76.0,2.0,7.45958538502917,2.71124110150205,0.0,5.3428187,0.008032918,89.27298114697139
0,1,569450,3355,2.19527344312492,0.0090619439731862,78.0,2.0,7.49268837671205,2.73909726900319,0.0,5.3601174,0.017298281,89.27298114697139
0,1,569450,3355,2.20433538709811,0.0090619439731867,80.0,2.0,7.52579136839492,2.76695343650432,0.0,5.372366,0.012248874,89.27298114697139
0,1,569450,3355,2.2133973310713,0.0090619439731867,82.0,2.0,7.55889436007779,2.79480960400546,0.0,5.3885307,0.01616469,89.27298114697139
0,1,569450,3355,2.22245927504448,0.0090619439731862,84.0,2.0,7.59199735176067,2.8226657715066,0.0,5.425748,0.03721711,89.27298114697139
0,1,569450,3355,2.23152121901767,0.0090619439731867,86.0,2.0,7.62510034344354,2.85052193900774,0.0,5.46138,0.035632312,89.27298114697139
0,1,569450,3355,2.24058316299086,0.0090619439731867,88.0,2.0,7.65820333512641,2.87837810650888,0.0,5.4901743,0.028793931,89.27298114697139
0,1,569450,3355,2.24964510696404,0.0090619439731862,90.0,2.0,7.69130632680929,2.90623427401001,0.0,5.514075,0.023900568,89.27298114697139
0,1,569450,3355,2.25870705093723,0.0090619439731867,92.0,2.0,7.72440931849216,2.93409044151115,0.0,5.5514774,0.0374026,89.27298114697139
0,1,569450,3355,2.26776899491041,0.0090619439731862,94.0,2.0,7.75751231017503,2.96194660901229,0.0,5.582153,0.03067562,89.27298114697139
0,1,569450,3355,2.2768309388836,0.0090619439731867,96.0,2.0,7.79061530185791,2.98980277651343,0.0,5.6104703,0.028317302,89.27298114697139
0,1,569450,3355,2.2794,0.0025690611163984,98.0,2.0,7.8,2.9977,0.0,5.620941,0.010470897,89.27298114697139
